Rk,Player,Age,Team,Pos,G,GS,MP,FG,FGA,FG%,3P,3PA,3P%,2P,2PA,2P%,eFG%,FT,FTA,FT%,ORB,DRB,TRB,AST,STL,BLK,TOV,PF,PTS,Awards,Player-additional
1,Joel Embiid,28,PHI,C,66,66,34.6,11,20.1,0.548,1,3,0.33,10,17.1,0.587,0.573,10,11.7,0.857,1.7,8.4,10.2,4.2,1,1.7,3.4,3.1,33.1,MVP-1DPOY-9CPOY-5ASNBA1,embiijo01
2,Luka Dončić,23,DAL,PG,66,66,36.2,10.9,22,0.496,2.8,8.2,0.342,8.1,13.8,0.588,0.56,7.8,10.5,0.742,0.8,7.8,8.6,8,1.4,0.5,3.6,2.5,32.4,MVP-8CPOY-8ASNBA1,doncilu01
3,Damian Lillard,32,POR,PG,58,58,36.3,9.6,20.7,0.463,4.2,11.3,0.371,5.4,9.4,0.574,0.564,8.8,9.6,0.914,0.8,4,4.8,7.3,0.9,0.3,3.3,1.9,32.2,CPOY-10ASNBA3,lillada01
4,Shai Gilgeous-Alexander,24,OKC,PG,68,68,35.5,10.4,20.3,0.51,0.9,2.5,0.345,9.5,17.8,0.533,0.531,9.8,10.9,0.905,0.9,4,4.8,5.5,1.6,1,2.8,2.8,31.4,MVP-5CPOY-7ASNBA1,gilgesh01
5,Giannis Antetokounmpo,28,MIL,PF,63,63,32.1,11.2,20.3,0.553,0.7,2.7,0.275,10.5,17.6,0.596,0.572,7.9,12.3,0.645,2.2,9.6,11.8,5.7,0.8,0.8,3.9,3.1,31.1,MVP-3DPOY-6ASNBA1,antetgi01
6,Jayson Tatum,24,BOS,SF,74,74,36.9,9.8,21.1,0.466,3.2,9.3,0.35,6.6,11.8,0.558,0.543,7.2,8.4,0.854,1.1,7.7,8.8,4.6,1.1,0.7,2.9,2.2,30.1,MVP-4CPOY-10ASNBA1,tatumja01
7,Stephen Curry,34,GSW,PG,56,56,34.7,10,20.2,0.493,4.9,11.4,0.427,5.1,8.8,0.579,0.614,4.6,5,0.915,0.7,5.4,6.1,6.3,0.9,0.4,3.2,2.1,29.4,MVP-9CPOY-9ASNBA2,curryst01
8,Kevin Durant,34,2TM,PF,47,47,35.6,10.3,18.3,0.56,2,4.9,0.404,8.3,13.4,0.617,0.614,6.5,7.1,0.919,0.4,6.3,6.7,5,0.7,1.4,3.3,2.1,29.1,AS,duranke01
8,Kevin Durant,34,BRK,PF,39,39,36,10.5,18.8,0.559,1.8,4.8,0.376,8.7,14,0.622,0.607,6.8,7.3,0.934,0.4,6.4,6.7,5.3,0.8,1.5,3.5,2.4,29.7,,duranke01
8,Kevin Durant,34,PHO,PF,8,8,33.6,9.1,16,0.57,2.8,5.1,0.537,6.4,10.9,0.586,0.656,5,6,0.833,0.4,6,6.4,3.5,0.3,1.3,2.5,0.9,26,,duranke01
9,LeBron James,38,LAL,PF,55,54,35.5,11.1,22.2,0.5,2.2,6.9,0.321,8.9,15.3,0.58,0.549,4.6,5.9,0.768,1.2,7.1,8.3,6.8,0.9,0.6,3.2,1.6,28.9,ASNBA3,jamesle01
10,Donovan Mitchell,26,CLE,SG,68,68,35.8,10,20.6,0.484,3.6,9.3,0.386,6.4,11.3,0.566,0.572,4.7,5.4,0.867,0.9,3.3,4.3,4.4,1.5,0.4,2.6,2.5,28.3,MVP-6CPOY-6ASNBA2,mitchdo01
11,Devin Booker,26,PHO,SG,53,53,34.6,9.9,20.1,0.494,2.1,6,0.351,7.8,14.2,0.554,0.546,5.8,6.8,0.855,0.9,3.7,4.5,5.5,1,0.3,2.7,3,27.8,,bookede01
12,Kyrie Irving,30,2TM,SG,60,60,37.4,9.9,20.1,0.494,3.1,8.3,0.379,6.8,11.8,0.574,0.572,4.1,4.6,0.905,1,4.1,5.1,5.5,1.1,0.8,2.1,2.8,27.1,CPOY-12AS,irvinky01
12,Kyrie Irving,30,BRK,PG,40,40,37,10,20.5,0.486,3.3,8.7,0.374,6.7,11.8,0.569,0.565,4,4.5,0.883,1,4.2,5.1,5.3,1,0.8,2.3,2.7,27.1,,irvinky01
12,Kyrie Irving,30,DAL,SG,20,20,38.2,9.8,19.2,0.51,2.9,7.4,0.392,6.9,11.8,0.585,0.586,4.5,4.7,0.947,1.1,4,5,6,1.3,0.6,1.9,2.8,27,,irvinky01
13,Jaylen Brown,26,BOS,SF,67,67,35.9,10.1,20.6,0.491,2.4,7.3,0.335,7.7,13.4,0.576,0.55,3.9,5.1,0.765,1.2,5.7,6.9,3.5,1.1,0.4,2.9,2.6,26.6,ASNBA2,brownja02
14,Ja Morant,23,MEM,PG,61,59,31.9,9.3,19.9,0.466,1.5,4.9,0.307,7.8,15,0.519,0.504,6.1,8.1,0.748,1,4.9,5.9,8.1,1.1,0.3,3.4,1.6,26.2,MVP-12AS,moranja01
15,Trae Young,24,ATL,PG,73,73,34.8,8.2,19,0.429,2.1,6.3,0.335,6.1,12.7,0.476,0.485,7.8,8.8,0.886,0.8,2.2,3,10.2,1.1,0.1,4.1,1.4,26.2,,youngtr01
16,Zion Williamson,22,NOP,PF,29,29,33,9.8,16.2,0.608,0.2,0.7,0.368,9.6,15.5,0.618,0.615,6.1,8.6,0.714,2,5,7,4.6,1.1,0.6,3.4,2.2,26,AS,willizi01
17,Anthony Davis,29,LAL,C,56,54,34,9.7,17.2,0.563,0.3,1.3,0.257,9.3,15.9,0.589,0.573,6.2,7.9,0.784,3.5,9.1,12.5,2.6,1.1,2,2.2,2.6,25.9,,davisan02
18,Lauri Markkanen,25,UTA,PF,66,66,34.4,8.7,17.3,0.499,3,7.7,0.391,5.6,9.6,0.585,0.586,5.3,6,0.875,2,6.7,8.6,1.9,0.6,0.6,1.9,2.1,25.6,MIP-1AS,markkla01
19,Julius Randle,28,NYK,PF,77,77,35.5,8.5,18.6,0.459,2.8,8.3,0.343,5.7,10.3,0.553,0.536,5.2,6.9,0.757,1.8,8.1,10,4.1,0.6,0.3,2.8,3,25.1,CPOY-14ASNBA3,randlju01
20,De'Aaron Fox,25,SAC,PG,73,73,33.4,9.3,18.2,0.512,1.6,5,0.324,7.7,13.2,0.584,0.557,4.7,6,0.78,0.5,3.6,4.2,6.1,1.1,0.3,2.5,2.4,25,MVP-11CPOY-1ASNBA3,foxde01
21,Zach LaVine,27,CHI,SG,77,77,35.9,8.7,18,0.485,2.6,7.1,0.375,6.1,11,0.556,0.558,4.7,5.6,0.848,0.5,3.9,4.5,4.2,0.9,0.2,2.5,2.1,24.8,,lavinza01
22,Brandon Ingram,25,NOP,SF,45,45,34.2,9,18.6,0.484,1.4,3.6,0.39,7.6,14.9,0.507,0.522,5.3,6,0.882,0.5,5,5.5,5.8,0.7,0.4,3.3,2.6,24.7,,ingrabr01
23,Anthony Edwards,21,MIN,SG,79,79,36,8.9,19.5,0.459,2.7,7.3,0.369,6.3,12.2,0.513,0.528,4,5.3,0.756,0.6,5.2,5.8,4.4,1.6,0.7,3.3,2.4,24.6,AS,edwaran01
24,DeMar DeRozan,33,CHI,SF,74,74,36.2,8.9,17.6,0.504,0.6,1.9,0.324,8.3,15.7,0.526,0.522,6.2,7.1,0.872,0.5,4.2,4.6,5.1,1.1,0.5,2.1,2.5,24.5,CPOY-3AS,derozde01
25,Nikola Jokić,27,DEN,C,69,69,33.7,9.4,14.8,0.632,0.8,2.2,0.383,8.5,12.7,0.675,0.66,4.9,6,0.822,2.4,9.4,11.8,9.8,1.3,0.7,3.6,2.5,24.5,MVP-2CPOY-13ASNBA2,jokicni01
26,Pascal Siakam,28,TOR,PF,71,71,37.4,8.9,18.5,0.48,1.3,4,0.324,7.6,14.5,0.523,0.515,5.2,6.7,0.774,1.8,6,7.8,5.8,0.9,0.5,2.4,3.2,24.2,AS,siakapa01
27,Jalen Brunson,26,NYK,PG,68,68,35,8.6,17.6,0.491,2,4.7,0.416,6.7,12.8,0.519,0.547,4.8,5.8,0.829,0.6,3,3.5,6.2,0.9,0.2,2.1,2.2,24,MVP-12CPOY-4,brunsja01
28,Paul George,32,LAC,SF,56,56,34.6,8.2,17.9,0.457,2.8,7.6,0.371,5.4,10.3,0.521,0.536,4.6,5.3,0.871,0.8,5.3,6.1,5.1,1.5,0.4,3.1,2.8,23.8,AS,georgpa01
29,Kawhi Leonard,31,LAC,SF,52,50,33.6,8.6,16.8,0.512,2,4.8,0.416,6.6,11.9,0.551,0.572,4.7,5.4,0.871,1.1,5.4,6.5,3.9,1.4,0.5,1.7,1.6,23.8,,leonaka01
30,LaMelo Ball,21,CHO,PG,36,36,35.2,8.2,20,0.411,4,10.6,0.376,4.2,9.4,0.45,0.51,2.8,3.4,0.836,1.2,5.3,6.4,8.4,1.3,0.3,3.6,3.3,23.3,,ballla01
31,Bradley Beal,29,WAS,SG,50,50,33.5,8.9,17.6,0.506,1.6,4.4,0.365,7.3,13.2,0.552,0.551,3.8,4.6,0.842,0.8,3.1,3.9,5.4,0.9,0.7,2.9,2.1,23.2,,bealbr01
32,Kristaps Porziņģis,27,WAS,C,65,65,32.6,7.8,15.7,0.498,2.1,5.5,0.385,5.7,10.2,0.559,0.565,5.4,6.4,0.851,1.8,6.6,8.4,2.7,0.9,1.5,2.1,3,23.2,,porzikr01
33,Jimmy Butler,33,MIA,PF,64,64,33.4,7.5,13.9,0.539,0.6,1.6,0.35,6.9,12.3,0.564,0.56,7.4,8.7,0.85,2.2,3.7,5.9,5.3,1.8,0.3,1.6,1.3,22.9,MVP-10DPOY-12CPOY-2NBA2,butleji01
34,Jalen Green,20,HOU,SG,76,76,34.2,7.4,17.9,0.416,2.5,7.3,0.338,5,10.6,0.471,0.485,4.8,6.1,0.786,0.6,3.2,3.7,3.7,0.8,0.2,2.6,1.7,22.1,,greenja05
35,Keldon Johnson,23,SAS,SF,63,63,32.7,8,17.7,0.452,2.1,6.5,0.329,5.9,11.2,0.523,0.512,3.9,5.2,0.749,0.9,4.2,5,2.9,0.7,0.2,2.1,2,22,,johnske04
36,Klay Thompson,32,GSW,SF,69,69,33,7.9,18.1,0.436,4.4,10.6,0.412,3.6,7.6,0.47,0.556,1.7,1.9,0.879,0.6,3.6,4.1,2.4,0.7,0.4,1.8,1.9,21.9,,thompkl01
37,Bojan Bogdanović,33,DET,PF,59,59,32.1,7.3,14.9,0.488,2.5,6,0.411,4.8,9,0.539,0.57,4.5,5.1,0.884,0.6,3.2,3.8,2.6,0.6,0.1,2.3,1.9,21.6,,bogdabo02
38,Darius Garland,23,CLE,PG,69,69,35.5,7.6,16.4,0.462,2.4,6,0.41,5.1,10.4,0.492,0.537,4,4.7,0.863,0.4,2.3,2.7,7.8,1.2,0.1,2.9,2.1,21.6,,garlada01
39,Desmond Bane,24,MEM,SG,58,58,31.7,7.8,16.2,0.479,2.9,7,0.408,4.9,9.2,0.534,0.568,3.1,3.5,0.883,0.7,4.3,5,4.4,1,0.4,2.2,2.6,21.5,,banede01
40,Kyle Kuzma,27,WAS,PF,64,64,35,8,17.8,0.448,2.5,7.5,0.333,5.5,10.3,0.533,0.518,2.7,3.7,0.73,0.9,6.4,7.2,3.7,0.6,0.5,3,2.3,21.2,,kuzmaky01
41,Terry Rozier,28,CHO,SG,63,63,35.3,7.8,18.9,0.415,2.6,8,0.327,5.2,10.8,0.48,0.484,2.8,3.5,0.809,0.8,3.3,4.1,5.1,1.2,0.3,2.1,1.9,21.1,,roziete01
42,Anfernee Simons,23,POR,SG,62,62,35,7.5,16.9,0.447,3.4,9.1,0.377,4.1,7.8,0.528,0.548,2.6,2.9,0.894,0.3,2.3,2.6,4.1,0.7,0.2,2.1,2.3,21.1,,simonan01
43,James Harden,33,PHI,PG,58,58,36.8,6.4,14.5,0.441,2.8,7.2,0.385,3.6,7.3,0.495,0.536,5.4,6.2,0.867,0.7,5.4,6.1,10.7,1.2,0.5,3.4,1.9,21,,hardeja01
44,CJ McCollum,31,NOP,PG,75,75,35.3,7.8,17.9,0.437,2.8,7.2,0.389,5,10.7,0.469,0.515,2.4,3.2,0.769,0.7,3.6,4.4,5.7,0.9,0.5,2.4,2,20.9,,mccolcj01
45,Jordan Clarkson,30,UTA,SG,61,61,32.6,7.5,16.9,0.444,2.5,7.5,0.338,5,9.4,0.53,0.519,3.3,4,0.816,1.2,2.9,4,4.4,0.5,0.2,3,2,20.8,,clarkjo01
46,Karl-Anthony Towns,27,MIN,PF,29,29,33,7.3,14.8,0.495,2.1,5.7,0.366,5.2,9.1,0.576,0.565,4.1,4.7,0.874,1.7,6.5,8.1,4.8,0.7,0.6,3,3.8,20.8,,townska01
47,Tyrese Haliburton,22,IND,PG,56,56,33.6,7.4,15,0.49,2.9,7.2,0.4,4.5,7.8,0.572,0.586,3.1,3.6,0.871,0.6,3.1,3.7,10.4,1.6,0.4,2.5,1.2,20.7,AS,halibty01
48,Jerami Grant,28,POR,PF,63,63,35.7,6.9,14.5,0.475,2.3,5.7,0.401,4.6,8.8,0.523,0.554,4.4,5.4,0.813,0.8,3.7,4.5,2.4,0.8,0.8,1.8,2.4,20.5,,grantje01
49,Dejounte Murray,26,ATL,SG,74,74,36.4,8.3,17.8,0.464,1.8,5.2,0.344,6.5,12.6,0.514,0.514,2.1,2.6,0.832,0.7,4.5,5.3,6.1,1.5,0.3,2.2,1.4,20.5,,murrade01
50,Bam Adebayo,25,MIA,C,75,75,34.6,8,14.9,0.54,0,0.2,0.083,8,14.7,0.545,0.541,4.3,5.4,0.806,2.5,6.7,9.2,3.2,1.2,0.8,2.5,2.8,20.4,DPOY-5AS,adebaba01
51,Jordan Poole,23,GSW,PG,82,43,30,6.7,15.6,0.43,2.6,7.8,0.336,4.1,7.8,0.524,0.514,4.4,5.1,0.87,0.4,2.4,2.7,4.5,0.8,0.3,3.1,2.6,20.4,,poolejo01
52,Tyrese Maxey,22,PHI,SG,60,41,33.6,7.3,15.2,0.481,2.7,6.2,0.434,4.7,9.1,0.513,0.568,3,3.6,0.845,0.4,2.6,2.9,3.5,0.8,0.1,1.3,2.2,20.3,,maxeyty01
53,Kelly Oubre Jr.,27,CHO,SF,48,40,32.3,7.4,17.1,0.431,2.3,7.1,0.319,5.1,10,0.51,0.497,3.3,4.3,0.76,1.4,3.8,5.2,1.1,1.4,0.4,1.3,2.9,20.3,,oubreke01
54,Mikal Bridges,26,2TM,SG,83,83,35.7,7.1,15.3,0.468,2,5.3,0.382,5.1,9.9,0.514,0.535,3.8,4.3,0.895,1,3.4,4.4,3.3,1.1,0.7,1.5,1.9,20.1,,bridgmi01
54,Mikal Bridges,26,PHO,SF,56,56,36.4,6.3,13.6,0.463,1.8,4.7,0.387,4.5,9,0.503,0.529,2.8,3.1,0.897,1,3.3,4.3,3.6,1.2,0.8,1.4,2.1,17.2,,bridgmi01
54,Mikal Bridges,26,BRK,SG,27,27,34.2,8.9,18.6,0.475,2.5,6.7,0.376,6.3,11.9,0.531,0.543,5.9,6.6,0.894,0.9,3.6,4.5,2.7,1,0.6,1.8,1.6,26.1,,bridgmi01
55,Tyler Herro,23,MIA,SG,67,67,34.9,7.3,16.6,0.439,3,8,0.378,4.2,8.5,0.497,0.531,2.5,2.7,0.934,0.4,5,5.4,4.2,0.8,0.2,2.4,1.5,20.1,,herroty01
56,Paolo Banchero,20,ORL,PF,72,72,33.8,6.7,15.6,0.427,1.2,4,0.298,5.5,11.6,0.471,0.465,5.5,7.4,0.738,1.2,5.7,6.9,3.7,0.8,0.5,2.8,2.2,20,ROY-1,banchpa01
57,Louis King,23,PHI,PF,1,0,29,8,13,0.615,4,8,0.5,4,5,0.8,0.769,0,1,0,2,2,4,2,1,0,2,4,20,,kinglo02
58,Jamal Murray,25,DEN,PG,65,65,32.8,7.3,16,0.454,2.6,6.6,0.398,4.6,9.4,0.494,0.537,2.8,3.3,0.833,0.7,3.2,4,6.2,1,0.2,2.2,1.6,20,,murraja01
59,Cade Cunningham,21,DET,PG,12,12,33.3,7.8,18.7,0.415,1.4,5.1,0.279,6.3,13.6,0.466,0.453,3,3.6,0.837,1,5.2,6.2,6,0.8,0.6,3.3,2.8,19.9,,cunnica01
60,RJ Barrett,22,NYK,SG,73,73,33.9,7,16.1,0.434,1.7,5.3,0.31,5.3,10.8,0.495,0.485,4,5.4,0.74,0.8,4.2,5,2.8,0.4,0.2,2.2,2.5,19.6,,barrerj01
61,Jrue Holiday,32,MIL,PG,67,65,32.6,7.3,15.3,0.479,2.4,6.1,0.384,5,9.1,0.542,0.556,2.3,2.6,0.859,1.2,3.9,5.1,7.4,1.2,0.4,2.9,1.7,19.3,DPOY-7AS,holidjr01
62,Fred VanVleet,28,TOR,PG,69,69,36.7,6.3,16.1,0.393,3,8.8,0.342,3.3,7.3,0.455,0.486,3.7,4.1,0.898,0.4,3.6,4.1,7.2,1.8,0.6,2,2.8,19.3,,vanvlfr01
63,Kevin Porter Jr.,22,HOU,PG,59,59,34.3,6.6,15,0.442,2.4,6.5,0.366,4.2,8.5,0.501,0.522,3.5,4.5,0.784,1.3,4,5.3,5.7,1.4,0.3,3.2,2.6,19.2,,porteke02
64,Domantas Sabonis,26,SAC,C,79,79,34.6,7.3,11.9,0.615,0.4,1.1,0.373,6.9,10.8,0.639,0.632,4.1,5.5,0.742,3.2,9.1,12.3,7.3,0.8,0.5,2.9,3.5,19.1,MVP-7ASNBA3,sabondo01
65,Jaren Jackson Jr.,23,MEM,C,63,63,28.4,6.6,13,0.506,1.6,4.5,0.355,5,8.6,0.585,0.567,3.8,4.9,0.788,1.7,5,6.8,1,1,3,1.7,3.6,18.6,DPOY-1AS,jacksja02
66,Franz Wagner,21,ORL,SF,80,80,32.6,6.8,14,0.485,1.6,4.5,0.361,5.2,9.5,0.544,0.543,3.4,4,0.842,0.9,3.2,4.1,3.5,1,0.2,2.1,2.3,18.6,,wagnefr01
67,Devin Vassell,22,SAS,SG,38,32,31,6.9,15.7,0.439,2.7,7,0.387,4.2,8.7,0.48,0.525,2.1,2.6,0.78,0.2,3.7,3.9,3.6,1.1,0.4,1.5,1.5,18.5,,vassede01
68,Deandre Ayton,24,PHO,C,67,67,30.4,7.8,13.2,0.589,0.1,0.4,0.292,7.7,12.9,0.597,0.592,2.3,3,0.76,2.6,7.4,10,1.7,0.6,0.8,1.8,2.8,18,,aytonde01
69,Myles Turner,26,IND,C,62,62,29.4,6.5,11.8,0.548,1.5,4,0.373,5,7.8,0.638,0.612,3.5,4.5,0.783,1.4,6.1,7.5,1.4,0.6,2.3,1.7,3.5,18,,turnemy01
70,D'Angelo Russell,26,2TM,PG,71,71,32.5,6.3,13.4,0.469,2.7,6.9,0.396,3.5,6.5,0.548,0.572,2.5,3,0.829,0.5,2.5,3,6.2,1,0.4,2.6,2,17.8,,russeda01
70,D'Angelo Russell,26,MIN,PG,54,54,32.9,6.3,13.5,0.465,2.7,7,0.391,3.5,6.4,0.546,0.567,2.6,3.1,0.856,0.5,2.5,3.1,6.2,1.1,0.4,2.7,2.2,17.9,,russeda01
70,D'Angelo Russell,26,LAL,PG,17,17,30.9,6.3,13,0.484,2.7,6.5,0.414,3.6,6.5,0.555,0.588,2.1,2.9,0.735,0.4,2.5,2.9,6.1,0.6,0.5,2.3,1.4,17.4,,russeda01
71,Nikola Vučević,32,CHI,C,82,82,33.5,7.3,14,0.52,1.5,4.2,0.349,5.8,9.8,0.594,0.573,1.6,1.9,0.835,1.9,9.1,11,3.2,0.7,0.7,1.7,2.2,17.6,,vucevni01
72,Michael Porter Jr.,24,DEN,SF,62,62,29,6.4,13.2,0.487,3,7.3,0.414,3.4,5.9,0.579,0.602,1.5,1.9,0.8,1,4.5,5.5,1,0.6,0.5,1.1,1.9,17.4,,portemi01
73,Gary Trent Jr.,24,TOR,SG,66,44,32.1,6.1,14.2,0.433,2.5,6.8,0.369,3.6,7.3,0.493,0.522,2.6,3.1,0.839,0.5,2.2,2.6,1.6,1.6,0.2,0.8,1.5,17.4,,trentga02
74,Spencer Dinwiddie,29,2TM,SG,79,79,34.5,5.8,13.3,0.438,2.3,6.2,0.369,3.5,7.1,0.498,0.524,3.4,4.2,0.812,0.4,3.1,3.4,6.5,0.8,0.3,1.8,2.4,17.3,,dinwisp01
74,Spencer Dinwiddie,29,DAL,SG,53,53,34.1,6,13.1,0.455,2.6,6.4,0.405,3.4,6.7,0.504,0.555,3.2,3.9,0.821,0.4,2.7,3.1,5.3,0.7,0.3,1.7,2.3,17.7,,dinwisp01
74,Spencer Dinwiddie,29,BRK,PG,26,26,35.3,5.5,13.7,0.404,1.7,5.7,0.289,3.9,8,0.488,0.465,3.8,4.7,0.797,0.3,3.8,4.1,9.1,1.1,0.3,2.1,2.4,16.5,,dinwisp01
75,Andrew Wiggins,27,GSW,SF,37,37,32.2,6.8,14.3,0.473,2.4,6.1,0.396,4.4,8.2,0.53,0.557,1.2,1.9,0.611,1.6,3.4,5,2.3,1.2,0.8,1.3,2.9,17.1,,wiggian01
76,Norman Powell,29,LAC,SG,60,8,26.1,5.7,11.8,0.479,1.9,4.8,0.397,3.8,7.1,0.534,0.559,3.8,4.6,0.812,0.4,2.5,2.9,1.8,0.8,0.3,1.7,2.1,17,6MOY-4,powelno01
77,OG Anunoby,25,TOR,SF,67,67,35.6,6.3,13.2,0.476,2.1,5.5,0.387,4.2,7.7,0.539,0.556,2.1,2.5,0.838,1.4,3.5,5,2,1.9,0.7,2,3,16.8,DPOY-7,anunoog01
78,Buddy Hield,30,IND,SF,80,73,31,5.9,13,0.458,3.6,8.5,0.425,2.3,4.5,0.518,0.596,1.3,1.6,0.822,0.8,4.2,5,2.8,1.2,0.3,1.7,2,16.8,,hieldbu01
79,Bennedict Mathurin,20,IND,SG,78,17,28.5,5.3,12.2,0.434,1.3,4,0.323,4,8.2,0.488,0.487,4.8,5.8,0.828,1.1,3,4.1,1.5,0.6,0.2,1.9,2.1,16.7,ROY-46MOY-8,mathube01
80,Josh Giddey,20,OKC,PF,76,76,31.1,7.1,14.7,0.482,1,3.1,0.325,6.1,11.6,0.524,0.516,1.4,1.9,0.731,1.9,5.9,7.9,6.2,0.8,0.4,2.8,1.9,16.6,,giddejo01
81,Christian Wood,27,DAL,C,67,17,25.9,5.9,11.5,0.515,1.6,4.2,0.376,4.3,7.3,0.594,0.583,3.2,4.2,0.772,1.3,6,7.3,1.8,0.4,1.1,1.8,2.5,16.6,6MOY-9,woodch01
82,Aaron Gordon,27,DEN,PF,68,68,30.2,6.3,11.2,0.564,0.9,2.5,0.347,5.4,8.6,0.628,0.603,2.8,4.6,0.608,2.4,4.1,6.6,3,0.8,0.8,1.4,1.9,16.3,,gordoaa01
83,Jaden Ivey,20,DET,SG,74,73,31.1,5.5,13.3,0.416,1.6,4.7,0.343,3.9,8.6,0.457,0.477,3.6,4.8,0.747,1,2.9,3.9,5.2,0.8,0.2,3.2,3.3,16.3,ROY-6,iveyja01
84,Evan Mobley,21,CLE,PF,79,79,34.4,6.6,12,0.554,0.3,1.3,0.216,6.4,10.7,0.595,0.566,2.6,3.8,0.674,2.4,6.6,9,2.8,0.8,1.5,1.8,2.8,16.2,DPOY-3,mobleev01
85,RaiQuan Gray,23,BRK,PF,1,0,35,6,12,0.5,2,5,0.4,4,7,0.571,0.583,2,2,1,3,6,9,7,0,1,4,5,16,,grayra01
86,Brook Lopez,34,MIL,C,78,78,30.4,6.1,11.5,0.531,1.7,4.7,0.374,4.4,6.9,0.637,0.606,1.9,2.4,0.784,2,4.7,6.7,1.3,0.5,2.5,1.4,2.6,15.9,DPOY-2,lopezbr01
87,Russell Westbrook,34,2TM,PG,73,24,29.1,5.9,13.6,0.436,1.2,3.9,0.311,4.7,9.7,0.487,0.481,2.8,4.3,0.656,1.2,4.6,5.8,7.5,1,0.5,3.5,2.2,15.9,6MOY-9,westbru01
87,Russell Westbrook,34,LAL,PG,52,3,28.7,5.8,14,0.417,1.2,4.1,0.296,4.6,9.9,0.467,0.46,3,4.6,0.655,1.1,5,6.2,7.5,1,0.4,3.5,2.3,15.9,,westbru01
87,Russell Westbrook,34,LAC,PG,21,21,30.2,6.1,12.5,0.489,1.2,3.5,0.356,4.9,9,0.54,0.538,2.4,3.6,0.658,1.4,3.4,4.9,7.6,1.1,0.5,3.4,2,15.8,,westbru01
88,P.J. Washington,24,CHO,PF,73,73,32.6,5.9,13.4,0.444,2,5.9,0.348,3.9,7.5,0.518,0.52,1.7,2.4,0.73,1,3.9,4.9,2.4,0.9,1.1,1.5,2.6,15.7,,washipj01
89,Cameron Johnson,26,2TM,PF,42,41,28.5,5.3,11.3,0.47,2.5,6.1,0.404,2.9,5.2,0.548,0.579,2.4,2.9,0.842,0.8,3.6,4.4,1.9,1.2,0.3,0.9,2,15.5,,johnsca02
89,Cameron Johnson,26,PHO,PF,17,16,25.2,4.8,10.2,0.474,2.6,5.8,0.455,2.2,4.4,0.5,0.604,1.6,1.9,0.818,0.8,3,3.8,1.5,0.9,0.4,0.6,1.7,13.9,,johnsca02
89,Cameron Johnson,26,BRK,PF,25,25,30.8,5.6,12,0.468,2.3,6.2,0.372,3.3,5.8,0.572,0.565,3,3.5,0.851,0.8,4,4.8,2.1,1.4,0.3,1.1,2.2,16.6,,johnsca02
90,De'Andre Hunter,25,ATL,SF,67,67,31.7,5.7,12.3,0.461,1.5,4.3,0.35,4.2,8,0.521,0.522,2.6,3.1,0.826,0.7,3.6,4.2,1.4,0.5,0.3,1.2,3,15.4,,huntede01
91,Scottie Barnes,21,TOR,SF,77,76,34.8,6,13.2,0.456,0.8,2.9,0.281,5.2,10.3,0.505,0.487,2.5,3.2,0.772,2.3,4.3,6.6,4.8,1.1,0.8,2,2.2,15.3,,barnesc01
92,Skylar Mays,25,POR,PG,6,6,31.5,5.7,11.3,0.5,2,4.3,0.462,3.7,7,0.524,0.588,2,2.2,0.923,0.3,2.8,3.2,8.3,1,0.2,1.7,1.8,15.3,,mayssk01
93,Wendell Carter Jr.,23,ORL,C,57,54,29.6,5.6,10.8,0.525,1.4,3.9,0.356,4.2,6.8,0.624,0.591,2.5,3.4,0.738,2.1,6.6,8.7,2.3,0.5,0.6,1.9,2.8,15.2,,cartewe01
94,Kevin Huerter,24,SAC,SG,75,75,29.4,5.6,11.5,0.485,2.7,6.8,0.402,2.9,4.7,0.604,0.603,1.3,1.7,0.725,0.6,2.8,3.3,2.9,1.1,0.3,1.3,2.4,15.2,,huertke01
95,Khris Middleton,31,MIL,SF,33,19,24.3,5.4,12.3,0.436,1.5,4.9,0.315,3.8,7.4,0.516,0.499,2.8,3.1,0.902,0.8,3.4,4.2,4.9,0.7,0.2,2.2,2.1,15.1,,middlkh01
96,Harrison Barnes,30,SAC,PF,82,82,32.5,4.6,9.6,0.473,1.6,4.3,0.374,3,5.3,0.553,0.556,4.3,5,0.847,1.1,3.4,4.5,1.6,0.7,0.1,1,1.3,15,,barneha02
97,Malcolm Brogdon,30,BOS,PG,67,0,26,5.3,10.9,0.484,2,4.4,0.444,3.3,6.5,0.51,0.574,2.4,2.7,0.87,0.6,3.6,4.2,3.7,0.7,0.3,1.5,1.6,14.9,6MOY-1,brogdma01
98,Immanuel Quickley,23,NYK,SG,81,21,28.9,5.2,11.6,0.448,2.1,5.6,0.37,3.1,6,0.521,0.537,2.5,3.1,0.819,0.7,3.4,4.2,3.4,1,0.2,1.2,2,14.9,6MOY-2,quickim01
99,Alperen Sengun,20,HOU,C,75,72,28.9,5.9,10.7,0.553,0.3,0.8,0.333,5.6,9.9,0.57,0.565,2.7,3.8,0.715,3.2,5.8,9,3.9,0.9,0.9,2.6,3.4,14.8,,sengual01
100,Tobias Harris,30,PHI,SF,74,74,32.9,5.7,11.4,0.501,1.7,4.4,0.389,4,7,0.57,0.575,1.5,1.7,0.876,0.9,4.8,5.7,2.5,0.9,0.5,1.2,2,14.7,,harrito02
101,Gordon Hayward,32,CHO,SF,50,50,31.5,5.5,11.6,0.475,1,3.2,0.325,4.5,8.4,0.532,0.52,2.6,3.2,0.811,0.7,3.6,4.3,4.1,0.8,0.2,2,1.4,14.7,,haywago01
102,Trey Murphy III,22,NOP,SF,79,65,31,4.9,10.1,0.484,2.6,6.3,0.406,2.3,3.8,0.611,0.61,2.2,2.4,0.905,0.7,2.8,3.6,1.4,1.1,0.5,0.8,2,14.5,,murphtr02
103,Tim Hardaway Jr.,30,DAL,SF,71,45,30.3,4.8,11.9,0.401,3,7.7,0.385,1.8,4.2,0.431,0.527,1.8,2.3,0.77,0.3,3.2,3.5,1.8,0.7,0.2,0.8,1.7,14.4,,hardati02
104,Jarrett Allen,24,CLE,C,68,68,32.6,5.9,9.2,0.644,0,0.1,0.1,5.9,9.1,0.653,0.645,2.4,3.3,0.733,3.3,6.5,9.8,1.7,0.8,1.2,1.4,2.3,14.3,,allenja01
105,Dillon Brooks,27,MEM,SF,73,73,30.3,5.4,13.6,0.396,2,6,0.326,3.4,7.6,0.451,0.468,1.6,2.1,0.779,0.6,2.7,3.3,2.6,0.9,0.2,1.4,3.3,14.3,,brookdi01
106,Collin Sexton,24,UTA,PG,48,15,23.9,4.9,9.8,0.506,1,2.5,0.393,3.9,7.2,0.546,0.558,3.4,4.1,0.819,0.8,1.4,2.2,2.9,0.6,0.1,1.8,2.3,14.3,,sextoco01
107,Bobby Portis,27,MIL,PF,70,22,26,5.7,11.5,0.496,1.4,3.7,0.37,4.3,7.8,0.555,0.555,1.4,1.8,0.768,2.2,7.4,9.6,1.5,0.4,0.2,1.2,1.6,14.1,6MOY-3,portibo01
108,Jonas Valančiūnas,30,NOP,C,79,79,24.9,5.6,10.3,0.547,0.5,1.4,0.349,5.2,8.9,0.577,0.57,2.3,2.8,0.826,2.8,7.3,10.2,1.8,0.3,0.7,2,3.1,14.1,,valanjo01
109,Jalen Williams,21,OKC,SG,75,62,30.3,5.5,10.6,0.521,1,2.7,0.356,4.5,7.9,0.579,0.567,2.1,2.5,0.812,1.1,3.4,4.5,3.3,1.4,0.5,1.6,2.5,14.1,ROY-2,willija06
110,Bogdan Bogdanović,30,ATL,SG,54,9,27.9,5.1,11.3,0.447,2.7,6.7,0.406,2.4,4.6,0.506,0.566,1.2,1.4,0.831,0.4,2.6,3.1,2.8,0.8,0.3,1.2,1.6,14,,bogdabo01
111,Markelle Fultz,24,ORL,PG,60,60,29.6,5.8,11.3,0.514,0.5,1.5,0.31,5.4,9.9,0.544,0.534,1.9,2.4,0.783,1.2,2.8,3.9,5.7,1.5,0.4,2.3,2.2,14,,fultzma01
112,Chris Paul,37,PHO,PG,59,59,32,5,11.3,0.44,1.7,4.4,0.375,3.3,6.9,0.482,0.513,2.3,2.7,0.831,0.5,3.8,4.3,8.9,1.5,0.4,1.9,2.1,13.9,,paulch01
113,Saddiq Bey,23,2TM,SF,77,37,27.6,4.6,10.9,0.422,2,5.4,0.361,2.6,5.4,0.483,0.513,2.7,3.1,0.861,1.3,3.4,4.7,1.5,0.9,0.2,0.9,1.6,13.8,,beysa01
113,Saddiq Bey,23,DET,SF,52,30,28.8,4.7,11.7,0.404,1.9,5.6,0.345,2.8,6,0.46,0.488,3.5,4,0.861,1.1,3.5,4.7,1.6,1,0.2,1,1.7,14.8,,beysa01
113,Saddiq Bey,23,ATL,SF,25,7,25.2,4.3,9.2,0.47,2,5,0.4,2.3,4.2,0.552,0.578,1,1.2,0.862,1.6,3.2,4.8,1.4,0.8,0,0.7,1.5,11.6,,beysa01
114,Luguentz Dort,23,OKC,SF,74,73,30.7,4.6,11.8,0.388,1.8,5.5,0.33,2.8,6.3,0.44,0.466,2.7,3.5,0.772,1.7,2.9,4.6,2.1,1,0.3,1.2,3.3,13.7,,dortlu01
115,Malik Monk,24,SAC,SG,77,0,22.3,4.6,10.3,0.448,1.9,5.2,0.359,2.8,5.2,0.538,0.538,2.4,2.7,0.889,0.4,2.2,2.6,3.9,0.6,0.3,1.9,1.6,13.5,6MOY-5,monkma01
116,Rudy Gobert,30,MIN,C,70,70,30.7,5.1,7.8,0.659,0,0,0,5.1,7.8,0.663,0.659,3.1,4.9,0.644,3.3,8.3,11.6,1.2,0.8,1.4,1.7,3,13.4,,goberru01
117,Jusuf Nurkić,28,POR,C,52,52,26.8,5,9.7,0.519,0.8,2.3,0.361,4.2,7.4,0.567,0.561,2.4,3.7,0.661,2.2,6.9,9.1,2.9,0.8,0.8,2.3,3.6,13.3,,nurkiju01
118,Kris Dunn,28,UTA,PG,22,3,25.8,5.3,9.8,0.537,0.8,1.6,0.472,4.5,8.2,0.55,0.576,1.9,2.4,0.774,0.4,4.1,4.5,5.6,1.1,0.5,1.6,2.6,13.2,,dunnkr01
119,John Collins,25,ATL,PF,71,71,30,5.1,10,0.508,1,3.4,0.292,4.1,6.6,0.619,0.557,2,2.5,0.803,1.1,5.4,6.5,1.2,0.6,1,1.1,3.1,13.1,,collijo01
120,Cole Anthony,22,ORL,PG,60,4,25.9,4.6,10.2,0.454,1.3,3.4,0.364,3.4,6.7,0.5,0.516,2.5,2.8,0.894,0.8,4,4.8,3.9,0.6,0.5,1.5,2.6,13,,anthoco01
121,Austin Reaves,24,LAL,SG,64,22,28.8,4,7.7,0.529,1.3,3.4,0.398,2.7,4.3,0.631,0.616,3.6,4.1,0.864,0.5,2.5,3,3.4,0.5,0.3,1.5,1.7,13,6MOY-7,reaveau01
122,Tre Jones,23,SAS,PG,68,65,29.2,5,10.9,0.459,0.7,2.3,0.285,4.4,8.6,0.506,0.489,2.2,2.5,0.86,0.8,2.8,3.6,6.6,1.3,0.1,1.6,1.4,12.9,,jonestr01
123,Alec Burks,31,DET,SG,51,8,22,3.9,9,0.436,1.9,4.7,0.414,2,4.3,0.459,0.544,3,3.7,0.814,0.4,2.7,3.1,2.2,0.7,0.2,1.1,1.9,12.8,,burksal01
124,Jabari Smith Jr.,19,HOU,PF,79,79,31,4.6,11.3,0.408,1.5,4.9,0.307,3.1,6.3,0.487,0.475,2.1,2.6,0.786,1.5,5.7,7.2,1.3,0.5,0.9,1.3,2.9,12.8,,smithja05
125,Malik Beasley,26,2TM,SG,81,27,25.8,4.6,11.6,0.395,2.9,8.1,0.357,1.7,3.4,0.484,0.52,0.6,0.8,0.769,0.4,3.1,3.5,1.5,0.8,0.1,1.1,1.3,12.7,,beaslma01
125,Malik Beasley,26,UTA,SG,55,13,26.8,4.8,12.2,0.396,3.1,8.6,0.359,1.7,3.6,0.485,0.522,0.7,0.8,0.841,0.5,3.1,3.6,1.7,0.8,0.1,1.1,1.4,13.4,,beaslma01
125,Malik Beasley,26,LAL,SG,26,14,23.9,4,10.3,0.392,2.5,7.2,0.353,1.5,3.1,0.481,0.515,0.5,0.8,0.619,0.3,3,3.3,1.2,0.8,0,1.2,1.2,11.1,,beaslma01
126,KJ Martin,22,HOU,SF,82,49,28,5,8.8,0.569,0.8,2.6,0.315,4.2,6.1,0.679,0.617,1.8,2.7,0.68,1.5,4,5.5,1.5,0.5,0.4,1.1,1.8,12.7,,martike04
127,Nic Claxton,23,BRK,C,76,76,29.9,5.4,7.7,0.705,0,0,0,5.4,7.7,0.708,0.705,1.8,3.2,0.541,2.4,6.8,9.2,1.9,0.9,2.5,1.3,2.8,12.6,DPOY-9,claxtni01
128,Dennis Schröder,29,LAL,PG,66,50,30.1,4.1,9.8,0.415,1.1,3.4,0.329,3,6.4,0.461,0.472,3.3,3.8,0.857,0.3,2.2,2.5,4.5,0.8,0.2,1.7,2.2,12.6,,schrode01
129,Jakob Poeltl,27,2TM,C,72,71,26.5,5.4,8.6,0.629,0,0,0,5.4,8.6,0.63,0.629,1.7,2.8,0.592,3.3,5.8,9.1,2.7,0.9,1.2,1.7,2.7,12.5,,poeltja01
129,Jakob Poeltl,27,SAS,C,46,46,26.1,5.2,8.4,0.616,0,0,0,5.2,8.4,0.618,0.616,1.7,2.8,0.605,3.3,5.7,9,3.1,0.8,1.1,2.1,2.6,12.1,,poeltja01
129,Jakob Poeltl,27,TOR,C,26,25,27.2,5.8,8.8,0.652,0,0,,5.8,8.8,0.652,0.652,1.6,2.8,0.569,3.2,5.9,9.1,2.2,1.2,1.3,1.1,3,13.1,,poeltja01
130,Mac McClung,24,PHI,SG,2,0,20.5,4.5,10,0.45,2,5.5,0.364,2.5,4.5,0.556,0.55,1.5,2.5,0.6,1.5,3.5,5,4.5,0,0,1.5,1.5,12.5,,mccluma01
131,Kelly Olynyk,31,UTA,C,68,68,28.6,4.1,8.2,0.499,1.4,3.5,0.394,2.7,4.7,0.576,0.583,2.9,3.4,0.853,1.2,5,6.2,3.7,0.9,0.5,2.5,3.4,12.5,,olynyke01
132,Eric Gordon,34,2TM,SG,69,58,28.5,4.2,9.5,0.446,1.9,5.2,0.371,2.3,4.3,0.535,0.547,2.1,2.5,0.821,0.2,1.7,1.9,2.7,0.6,0.4,1.5,1.1,12.4,,gordoer01
132,Eric Gordon,34,HOU,SG,47,47,30.2,4.5,10.2,0.439,1.8,5.2,0.347,2.7,5,0.536,0.528,2.3,2.9,0.815,0.3,1.8,2.1,2.9,0.6,0.4,1.8,1,13.1,,gordoer01
132,Eric Gordon,34,LAC,SG,22,11,24.9,3.7,8,0.463,2.1,5,0.423,1.5,2.9,0.531,0.597,1.5,1.7,0.842,0.2,1.5,1.7,2.1,0.6,0.4,1,1.5,11,,gordoer01
133,Derrick White,28,BOS,SG,82,70,28.3,4.3,9.2,0.462,1.8,4.8,0.381,2.5,4.5,0.548,0.56,2,2.3,0.875,0.6,2.9,3.6,3.9,0.7,0.9,1.2,2.2,12.4,,whitede01
134,Keegan Murray,22,SAC,SF,80,78,29.8,4.4,9.8,0.453,2.6,6.3,0.411,1.9,3.5,0.527,0.584,0.8,1,0.765,1.1,3.5,4.6,1.2,0.8,0.5,0.8,2,12.2,ROY-5,murrake02
135,Caris LeVert,28,CLE,SG,74,30,30.2,4.3,10,0.431,1.7,4.4,0.392,2.6,5.6,0.462,0.517,1.8,2.4,0.722,0.7,3.1,3.8,3.9,1,0.3,1.6,2.3,12.1,,leverca01
136,Jaden McDaniels,22,MIN,SF,79,79,30.6,4.7,9.1,0.517,1.4,3.4,0.398,3.3,5.7,0.588,0.591,1.3,1.8,0.736,1.2,2.7,3.9,1.9,0.9,1,1.4,3.4,12.1,,mcdanja02
137,Marvin Bagley III,23,DET,C,42,25,23.6,4.8,9.1,0.529,0.5,1.6,0.288,4.4,7.5,0.579,0.554,1.9,2.6,0.75,2.2,4.2,6.4,0.9,0.5,0.7,1.1,1.9,12,,baglema01
138,Clint Capela,28,ATL,C,65,63,26.6,5.4,8.2,0.653,0,0,0,5.4,8.2,0.654,0.653,1.2,2,0.603,4,7.1,11,0.9,0.7,1.2,0.8,2.1,12,,capelca01
139,Mike Conley,35,2TM,PG,67,66,30.3,3.9,9.1,0.428,2,5.2,0.385,1.9,3.9,0.486,0.539,2.1,2.5,0.834,0.5,2.2,2.7,6.7,1.1,0.2,1.5,2.1,11.9,,conlemi01
139,Mike Conley,35,UTA,PG,43,42,29.7,3.6,8.7,0.408,1.8,5,0.362,1.8,3.8,0.469,0.511,1.8,2.2,0.813,0.4,2.1,2.5,7.7,1,0.2,1.7,2.2,10.7,,conlemi01
139,Mike Conley,35,MIN,PG,24,24,31.4,4.5,9.8,0.46,2.4,5.8,0.42,2.1,4,0.515,0.583,2.6,3,0.863,0.7,2.5,3.1,5,1.2,0.2,1.2,1.9,14,,conlemi01
140,Bones Hyland,22,2TM,PG,56,1,19.4,4.1,10.2,0.399,2.1,5.6,0.371,2,4.6,0.434,0.502,1.5,1.8,0.843,0.4,2.1,2.4,3.1,0.7,0.3,1.5,1.7,11.8,,hylanbo01
140,Bones Hyland,22,DEN,PG,42,1,19.5,4.1,10.3,0.399,2.2,5.7,0.378,2,4.6,0.425,0.503,1.7,2,0.866,0.2,1.8,2,3,0.7,0.3,1.6,1.6,12.1,,hylanbo01
140,Bones Hyland,22,LAC,PG,14,0,18.9,3.9,9.8,0.401,1.9,5.3,0.351,2.1,4.5,0.46,0.496,1.1,1.4,0.75,0.7,2.8,3.5,3.4,0.8,0.1,1.1,2.1,10.8,,hylanbo01
141,Lonnie Walker IV,24,LAL,SG,56,32,23.2,4.2,9.4,0.448,1.6,4.4,0.365,2.6,5,0.522,0.534,1.6,1.9,0.858,0.3,1.7,1.9,1.1,0.5,0.3,0.8,1.3,11.7,,walkelo01
142,Zach Collins,25,SAS,C,63,26,22.9,4.5,8.7,0.518,0.9,2.3,0.374,3.6,6.4,0.571,0.568,1.7,2.3,0.761,1.8,4.5,6.4,2.9,0.6,0.8,2,3.2,11.6,,colliza01
143,Bruce Brown,26,DEN,SF,80,31,28.5,4.5,9.3,0.483,1.1,3.2,0.358,3.3,6.1,0.548,0.545,1.5,1.9,0.758,0.8,3.3,4.1,3.4,1.1,0.6,1.5,2.4,11.5,,brownbr01
144,Naz Reid,23,MIN,C,68,11,18.4,4.6,8.5,0.537,1.1,3.2,0.346,3.5,5.3,0.653,0.602,1.3,1.9,0.677,1.1,3.8,4.9,1.1,0.6,0.8,1.4,2.6,11.5,,reidna01
145,Marcus Smart,28,BOS,PG,61,61,32.1,4.1,9.9,0.415,1.9,5.6,0.336,2.2,4.3,0.519,0.511,1.4,1.9,0.746,0.8,2.4,3.1,6.3,1.5,0.4,2.3,2.8,11.5,,smartma01
146,Max Strus,26,MIA,SF,80,33,28.4,4.1,9.9,0.41,2.5,7,0.35,1.6,2.8,0.559,0.535,1,1.1,0.876,0.6,2.6,3.2,2.1,0.5,0.2,0.9,2.1,11.5,,strusma01
147,John Wall,32,LAC,PG,34,3,22.2,4.1,9.9,0.408,1,3.2,0.303,3.1,6.7,0.459,0.457,2.3,3.3,0.681,0.4,2.3,2.7,5.2,0.8,0.4,2.4,1.7,11.4,,walljo01
148,Quentin Grimes,22,NYK,SG,71,66,29.9,4,8.5,0.468,2.2,5.7,0.386,1.8,2.7,0.641,0.599,1.1,1.4,0.796,0.7,2.5,3.2,2.1,0.7,0.4,1,2.5,11.3,,grimequ01
149,Isaiah Stewart,21,DET,C,50,47,28.3,3.9,8.8,0.442,1.3,4.1,0.327,2.6,4.7,0.542,0.518,2.2,3,0.738,2.3,5.8,8.1,1.4,0.4,0.7,1.4,2.7,11.3,,stewais01
150,Rui Hachimura,24,2TM,PF,63,9,23.3,4.5,9.3,0.486,0.8,2.5,0.319,3.7,6.7,0.55,0.53,1.4,1.9,0.739,0.8,3.7,4.5,0.9,0.3,0.4,0.8,1.1,11.2,,hachiru01
150,Rui Hachimura,24,WAS,PF,30,0,24.3,5.3,10.8,0.488,1,3,0.337,4.3,7.8,0.545,0.534,1.5,1.9,0.759,0.6,3.6,4.3,1.2,0.4,0.4,1.2,1.3,13,,hachiru01
150,Rui Hachimura,24,LAL,PF,33,9,22.4,3.8,7.9,0.485,0.6,2.2,0.296,3.2,5.7,0.556,0.525,1.3,1.8,0.721,1,3.7,4.7,0.7,0.2,0.4,0.5,1,9.6,,hachiru01
151,Kyle Lowry,36,MIA,PG,55,44,31.2,3.6,8.8,0.404,1.9,5.6,0.345,1.6,3.2,0.509,0.514,2.1,2.5,0.859,0.8,3.3,4.1,5.1,1,0.4,1.9,2.6,11.2,,lowryky01
152,Marcus Morris,33,LAC,PF,65,65,28.1,4.2,9.9,0.426,1.7,4.7,0.364,2.5,5.2,0.484,0.513,1,1.3,0.782,0.4,3.5,4,1.8,0.6,0.3,0.9,2.1,11.2,,morrima03
153,Corey Kispert,23,WAS,SF,74,45,28.3,3.9,7.9,0.497,2.2,5.2,0.424,1.7,2.7,0.637,0.637,1,1.2,0.852,0.4,2.4,2.8,1.2,0.4,0.1,0.7,1.3,11.1,,kispeco01
154,Jeremy Sochan,19,SAS,PF,56,53,26,4.5,9.9,0.453,0.6,2.4,0.246,3.9,7.5,0.519,0.483,1.4,2.1,0.698,1.7,3.6,5.3,2.5,0.8,0.4,1.7,2.5,11,,sochaje01
155,Mason Plumlee,32,2TM,C,79,60,26,4.2,6.1,0.68,0,0,,4.2,6.1,0.68,0.68,2.5,4,0.636,2.9,6,8.9,3.1,0.6,0.6,1.5,2.7,10.8,,plumlma01
155,Mason Plumlee,32,CHO,C,56,56,28.5,4.7,7.1,0.669,0,0,,4.7,7.1,0.669,0.669,2.8,4.6,0.605,3.3,6.3,9.7,3.7,0.6,0.6,1.6,2.9,12.2,,plumlma01
155,Mason Plumlee,32,LAC,C,23,4,19.9,2.8,3.8,0.727,0,0,,2.8,3.8,0.727,0.727,1.9,2.5,0.772,1.8,5.1,6.9,1.7,0.5,0.5,1.3,2.4,7.5,,plumlma01
156,Kentavious Caldwell-Pope,29,DEN,SG,76,76,31.3,3.8,8.3,0.462,1.8,4.2,0.423,2.1,4.1,0.502,0.569,1.4,1.6,0.824,0.5,2.3,2.7,2.4,1.5,0.5,1.1,1.9,10.8,,caldwke01
157,Jaylen Nowell,23,MIN,SG,65,2,19.3,4.3,9.6,0.448,1,3.6,0.289,3.3,6,0.542,0.502,1.2,1.5,0.778,0.6,2.1,2.6,2,0.6,0.1,1,1.6,10.8,,nowelja01
158,Ivica Zubac,25,LAC,C,76,76,28.6,4.3,6.8,0.634,0,0,0,4.3,6.7,0.637,0.634,2.2,3.1,0.697,3.1,6.8,9.9,1,0.4,1.3,1.5,2.9,10.8,,zubaciv01
159,Talen Horton-Tucker,22,UTA,SG,65,20,20.2,4,9.4,0.419,0.9,3.1,0.286,3.1,6.3,0.485,0.467,1.9,2.6,0.75,0.6,2.6,3.2,3.8,0.6,0.4,1.9,1.7,10.7,,hortota01
160,Victor Oladipo,30,MIA,SG,42,2,26.3,3.8,9.6,0.397,1.7,5,0.33,2.1,4.5,0.471,0.484,1.4,1.9,0.747,0.4,2.7,3,3.5,1.4,0.3,2.1,2.4,10.7,,oladivi01
161,Cam Thomas,21,BRK,SG,57,4,16.6,3.5,8,0.441,0.9,2.3,0.383,2.6,5.7,0.464,0.497,2.6,3.1,0.868,0.1,1.5,1.7,1.4,0.4,0.1,1.1,1,10.6,,thomaca02
162,Jeenathan Williams,23,POR,SG,5,4,25.4,4.8,7.8,0.615,0.6,1.6,0.375,4.2,6.2,0.677,0.654,0.4,0.6,0.667,2,1,3,2,0.6,0.4,0.8,2.6,10.6,,willije02
163,Moritz Wagner,25,ORL,C,57,18,19.5,3.5,6.9,0.5,0.9,2.9,0.313,2.6,4.1,0.631,0.564,2.7,3.2,0.841,1.2,3.3,4.5,1.5,0.6,0.2,1.2,2.4,10.5,,wagnemo01
164,Grayson Allen,27,MIL,SG,72,70,27.4,3.4,7.7,0.44,2,5.1,0.399,1.4,2.7,0.518,0.571,1.6,1.8,0.905,0.8,2.4,3.3,2.3,0.9,0.2,1,1.6,10.4,,allengr01
165,Killian Hayes,21,DET,PG,76,56,28.3,4,10.7,0.377,1.1,3.8,0.28,3,7,0.429,0.426,1.2,1.5,0.821,0.4,2.5,2.9,6.2,1.4,0.4,2.3,2.9,10.3,,hayeski01
166,Tyus Jones,26,MEM,PG,80,22,24.3,3.9,8.9,0.438,1.5,4.1,0.371,2.4,4.8,0.495,0.523,1,1.3,0.8,0.4,2.2,2.5,5.2,1,0.1,0.9,0.4,10.3,6MOY-6,jonesty01
167,Monte Morris,27,WAS,PG,62,61,27.3,4,8.3,0.48,1.3,3.3,0.382,2.7,5,0.543,0.555,1,1.2,0.831,0.4,3,3.4,5.3,0.7,0.2,1,1.2,10.3,,morrimo01
168,Cameron Payne,28,PHO,PG,48,15,20.2,3.9,9.4,0.415,1.4,3.9,0.368,2.5,5.6,0.448,0.49,1,1.3,0.766,0.3,2,2.2,4.5,0.7,0.2,1.7,1.8,10.3,,payneca01
169,Reggie Jackson,32,2TM,PG,68,40,24.4,3.9,9.4,0.411,1.4,4.2,0.333,2.5,5.2,0.474,0.486,1,1.1,0.91,0.4,1.8,2.1,3.4,0.7,0.1,1.7,1.7,10.2,,jacksre01
169,Reggie Jackson,32,LAC,PG,52,38,25.7,4.1,9.8,0.418,1.5,4.2,0.35,2.6,5.6,0.469,0.493,1.2,1.3,0.924,0.4,1.8,2.2,3.5,0.7,0.1,1.8,1.8,10.9,,jacksre01
169,Reggie Jackson,32,DEN,PG,16,2,19.9,3.1,8,0.383,1.2,4.3,0.279,1.9,3.8,0.5,0.457,0.6,0.8,0.833,0.2,1.6,1.8,3.1,0.6,0.1,1.2,1.4,7.9,,jacksre01
170,Malaki Branham,19,SAS,SG,66,32,23.5,4.1,9.3,0.44,1.2,3.9,0.302,2.9,5.4,0.539,0.503,0.9,1.1,0.829,0.4,2.3,2.7,1.9,0.5,0.1,1.2,1.7,10.2,,branhma01
171,Doug McDermott,31,SAS,SF,64,0,20.5,3.7,8.2,0.457,1.9,4.7,0.413,1.8,3.5,0.516,0.575,0.8,1.1,0.757,0.4,1.8,2.2,1.4,0.2,0.1,0.9,1.8,10.2,,mcderdo01
172,Patrick Williams,21,CHI,PF,82,65,28.3,3.8,8.3,0.464,1.4,3.4,0.415,2.4,4.9,0.498,0.549,1.1,1.3,0.857,1,3,4,1.2,0.9,0.9,1.2,1.8,10.2,,willipa01
173,Josh Richardson,29,2TM,SG,65,10,23.5,3.7,8.5,0.431,1.6,4.5,0.365,2,4,0.506,0.528,1.1,1.2,0.852,0.6,2.1,2.7,2.7,1.1,0.3,1.3,1.8,10.1,,richajo01
173,Josh Richardson,29,SAS,SG,42,6,23.7,4.2,9.7,0.436,1.8,4.9,0.357,2.5,4.7,0.518,0.527,1.3,1.4,0.883,0.7,2.1,2.8,3.3,1,0.3,1.5,1.7,11.5,,richajo01
173,Josh Richardson,29,NOP,SG,23,4,23.2,2.7,6.4,0.419,1.4,3.7,0.384,1.3,2.7,0.468,0.53,0.7,0.9,0.762,0.5,2,2.4,1.6,1.3,0.4,1,2,7.5,,richajo01
174,De'Anthony Melton,24,PHI,SG,77,58,27.9,3.6,8.5,0.425,2,5.2,0.39,1.6,3.2,0.484,0.546,0.9,1.1,0.793,0.9,3.2,4.1,2.6,1.6,0.5,1.3,2.5,10.1,,meltode01
175,Aaron Nesmith,23,IND,SF,73,60,24.9,3.5,8.1,0.427,1.6,4.3,0.366,1.9,3.8,0.496,0.525,1.6,1.9,0.838,0.8,2.9,3.8,1.3,0.8,0.5,1,3.2,10.1,,nesmiaa01
176,James Wiseman,21,2TM,C,45,22,19.3,4.2,7.5,0.558,0.1,0.4,0.2,4.1,7.1,0.58,0.563,1.5,2.2,0.701,1.6,4.3,5.9,0.7,0.2,0.6,1.1,2.4,10,,wisemja01
176,James Wiseman,21,GSW,C,21,0,12.5,2.8,4.5,0.628,0,0.1,0.5,2.8,4.4,0.63,0.633,1.2,1.8,0.684,0.9,2.6,3.5,0.7,0.1,0.3,0.7,1.9,6.9,,wisemja01
176,James Wiseman,21,DET,C,24,22,25.2,5.4,10.2,0.531,0.1,0.8,0.167,5.3,9.5,0.559,0.537,1.8,2.5,0.712,2.3,5.8,8.1,0.7,0.2,0.8,1.5,2.9,12.7,,wisemja01
177,Brandon Clarke,26,MEM,PF,56,8,19.5,4.1,6.2,0.656,0,0.1,0.167,4.1,6.1,0.665,0.658,1.8,2.4,0.723,1.6,3.9,5.5,1.3,0.6,0.7,1,2.3,10,,clarkbr01
178,Jonathan Kuminga,20,GSW,PF,67,16,20.8,3.9,7.4,0.525,0.8,2.2,0.37,3.1,5.2,0.59,0.579,1.3,2.1,0.652,1,2.4,3.4,1.9,0.6,0.5,1.4,2.3,9.9,,kuminjo01
179,Onyeka Okongwu,22,ATL,C,80,18,23.1,4,6.2,0.638,0.1,0.2,0.308,3.9,6.1,0.647,0.642,1.9,2.5,0.781,2.7,4.5,7.2,1,0.7,1.3,1,3.1,9.9,,okongon01
180,Luka Šamanić,23,UTA,PF,7,4,23,3.7,8.1,0.456,1.1,4.4,0.258,2.6,3.7,0.692,0.526,1.3,1.9,0.692,0,4.3,4.3,2.1,0.9,0.3,1.4,2.4,9.9,,samanlu01
181,Shaedon Sharpe,19,POR,SG,80,15,22.2,3.8,8.1,0.472,1.3,3.5,0.36,2.6,4.6,0.559,0.551,0.9,1.3,0.714,0.8,2.2,3,1.2,0.5,0.3,1,1.7,9.9,,sharpsh01
182,Jalen Suggs,21,ORL,SG,53,19,23.5,3.5,8.4,0.419,1.2,3.8,0.327,2.3,4.6,0.496,0.493,1.6,2.2,0.723,1,2,3,2.9,1.3,0.5,1.8,2.3,9.9,,suggsja01
183,Thomas Bryant,25,2TM,C,59,26,18.3,3.9,6.3,0.623,0.4,1,0.441,3.5,5.3,0.658,0.659,1.6,2.1,0.738,1.5,4.3,5.7,0.5,0.3,0.5,0.6,1.7,9.8,,bryanth01
183,Thomas Bryant,25,LAL,C,41,25,21.4,4.8,7.3,0.654,0.5,1.2,0.44,4.3,6.1,0.697,0.691,2,2.6,0.741,1.6,5.2,6.8,0.7,0.3,0.6,0.7,1.9,12.1,,bryanth01
183,Thomas Bryant,25,DEN,C,18,1,11.4,1.8,3.8,0.485,0.2,0.5,0.444,1.6,3.3,0.492,0.515,0.7,1,0.722,1.1,2.3,3.3,0.1,0.1,0.4,0.6,1.4,4.6,,bryanth01
184,Josh Hart,27,2TM,SF,76,52,32.3,3.6,6.8,0.529,0.8,2.2,0.372,2.8,4.7,0.601,0.588,1.7,2.3,0.75,1.9,5.9,7.8,3.8,1.2,0.3,1.5,2.6,9.8,,hartjo01
184,Josh Hart,27,POR,SF,51,51,33.4,3.6,7.1,0.504,0.7,2.2,0.304,2.9,4.9,0.594,0.551,1.7,2.3,0.731,1.9,6.3,8.2,3.9,1.1,0.2,1.5,2.6,9.5,,hartjo01
184,Josh Hart,27,NYK,SF,25,1,30,3.7,6.3,0.586,1.1,2.1,0.519,2.6,4.2,0.619,0.672,1.8,2.3,0.789,1.9,5.2,7,3.6,1.4,0.5,1.5,2.5,10.2,,hartjo01
185,Al Horford,36,BOS,C,63,63,30.5,3.6,7.6,0.476,2.3,5.2,0.446,1.3,2.4,0.539,0.627,0.2,0.3,0.714,1.2,5,6.2,3,0.5,1,0.6,1.9,9.8,,horfoal01
186,Herbert Jones,24,NOP,PF,66,66,29.6,3.6,7.6,0.469,0.8,2.5,0.335,2.7,5.1,0.536,0.525,1.9,2.4,0.764,1.5,2.6,4.1,2.5,1.6,0.6,1.3,3.2,9.8,,joneshe01
187,Julian Champagnie,21,2TM,SF,17,3,18.8,3.5,7.6,0.454,1.9,4.8,0.402,1.5,2.8,0.542,0.581,0.8,1,0.824,0.6,2.9,3.5,0.6,0.4,0.3,0.6,1.5,9.7,,champju02
187,Julian Champagnie,21,PHI,SF,2,0,3.5,0,1,0,0,0.5,0,0,0.5,0,0,0,0,,0,0,0,0,0.5,0,0,0,0,,champju02
187,Julian Champagnie,21,SAS,SF,15,3,20.9,3.9,8.5,0.461,2.2,5.4,0.407,1.7,3.1,0.553,0.59,0.9,1.1,0.824,0.7,3.3,4,0.7,0.3,0.3,0.7,1.7,11,,champju02
188,Cam Reddish,23,2TM,SF,40,20,24.8,3.5,7.8,0.446,1.1,3.6,0.313,2.4,4.2,0.56,0.518,1.6,1.9,0.853,0.5,1.8,2.2,1.4,1,0.4,1.2,1.8,9.7,,reddica01
188,Cam Reddish,23,NYK,SF,20,8,21.9,3.1,6.8,0.449,0.9,2.8,0.304,2.2,4,0.55,0.511,1.5,1.7,0.879,0.4,1.2,1.6,1,0.8,0.4,0.8,1.6,8.4,,reddica01
188,Cam Reddish,23,POR,SF,20,12,27.6,3.9,8.8,0.443,1.4,4.4,0.318,2.5,4.4,0.568,0.523,1.8,2.1,0.833,0.6,2.3,2.9,1.9,1.2,0.3,1.6,2,11,,reddica01
189,Keita Bates-Diop,27,SAS,PF,67,42,21.7,3.5,6.9,0.508,0.8,2.1,0.394,2.7,4.8,0.557,0.568,1.8,2.2,0.793,1,2.7,3.7,1.5,0.7,0.3,0.8,0.9,9.7,,bateske01
190,Coby White,22,CHI,SG,74,2,23.4,3.6,8,0.443,1.7,4.6,0.372,1.8,3.4,0.54,0.551,0.8,0.9,0.871,0.2,2.6,2.9,2.8,0.7,0.1,1,1.6,9.7,,whiteco01
191,Caleb Martin,27,MIA,SF,71,49,29.3,3.6,7.7,0.464,1.2,3.3,0.356,2.4,4.4,0.545,0.54,1.3,1.6,0.805,1.2,3.6,4.8,1.6,1,0.4,1.1,2,9.6,,martica02
192,Isaiah Joe,23,OKC,SG,73,10,19.1,3.1,7,0.441,2.2,5.4,0.409,0.9,1.6,0.553,0.599,1.1,1.4,0.82,0.4,2,2.4,1.2,0.7,0.1,0.5,1.4,9.5,,joeis01
193,Andrew Nembhard,23,IND,SG,75,63,27.6,3.8,8.6,0.441,1.2,3.5,0.35,2.6,5.1,0.504,0.512,0.7,0.8,0.79,0.5,2.2,2.7,4.5,0.9,0.2,1.7,2.4,9.5,,nembhan01
194,Jalen McDaniels,25,2TM,SF,80,24,23.9,3.5,7.7,0.455,1,2.9,0.332,2.6,4.8,0.53,0.518,1.5,1.7,0.841,0.8,3.5,4.3,1.6,1,0.4,1.2,2.6,9.4,,mcdanja01
194,Jalen McDaniels,25,CHO,SF,56,21,26.7,3.9,8.8,0.447,1.2,3.6,0.322,2.8,5.2,0.534,0.513,1.6,1.9,0.846,0.8,4,4.8,2,1.2,0.5,1.4,2.8,10.6,,mcdanja01
194,Jalen McDaniels,25,PHI,SF,24,3,17.5,2.5,5.1,0.488,0.5,1.3,0.4,2,3.9,0.516,0.537,1.2,1.4,0.824,0.8,2.4,3.2,0.8,0.7,0.2,0.5,2.1,6.7,,mcdanja01
195,Kyle Anderson,29,MIN,PF,69,46,28.4,3.7,7.2,0.509,0.6,1.5,0.41,3,5.7,0.536,0.553,1.4,2,0.735,1,4.4,5.3,4.9,1.1,0.9,1.5,2.1,9.4,,anderky01
196,Chris Boucher,30,TOR,PF,76,0,20,3.4,7,0.493,0.8,2.5,0.328,2.6,4.5,0.585,0.552,1.7,2.2,0.762,2.1,3.5,5.5,0.4,0.6,0.8,0.5,1.9,9.4,,bouchch01
197,Donte DiVincenzo,26,GSW,SG,72,36,26.3,3.3,7.5,0.435,2.1,5.3,0.397,1.2,2.3,0.525,0.574,0.8,1,0.817,1.1,3.4,4.5,3.5,1.3,0.1,1.6,1.8,9.4,,divindo01
198,Jalen Smith,22,IND,C,68,31,18.8,3.6,7.5,0.476,0.8,2.8,0.283,2.8,4.7,0.593,0.53,1.5,2,0.759,1.9,3.9,5.8,1,0.3,0.9,1.1,2.3,9.4,,smithja04
199,Gabe Vincent,26,MIA,PG,68,34,25.9,3.4,8.3,0.402,1.7,5.1,0.334,1.6,3.2,0.512,0.505,1,1.1,0.872,0.4,1.7,2.1,2.5,0.9,0.1,1.4,2.3,9.4,,vincega01
200,Luke Kennard,26,2TM,SG,59,14,22.3,3.2,6.5,0.492,2.3,4.6,0.494,0.9,1.9,0.487,0.666,0.6,0.7,0.949,0.3,2.4,2.7,1.5,0.5,0.1,0.8,1.4,9.3,,kennalu01
200,Luke Kennard,26,LAC,SG,35,11,20.7,2.8,6,0.464,1.7,3.8,0.447,1.1,2.3,0.494,0.604,0.5,0.6,0.95,0.2,2.2,2.4,1.1,0.5,0.1,0.9,1.3,7.8,,kennalu01
200,Luke Kennard,26,MEM,SG,24,3,24.6,3.8,7.1,0.526,3.1,5.7,0.54,0.7,1.4,0.471,0.743,0.8,0.8,0.947,0.4,2.8,3.1,2.3,0.5,0,0.7,1.5,11.3,,kennalu01
201,Hamidou Diallo,24,DET,SF,56,0,17.8,3.8,6.7,0.573,0.1,0.4,0.238,3.8,6.3,0.593,0.58,1.6,2.6,0.588,1,2.4,3.5,1,0.9,0.3,1.3,2.2,9.3,,diallha01
202,Tari Eason,21,HOU,PF,82,5,21.5,3.6,8,0.448,0.7,2.1,0.343,2.9,6,0.486,0.493,1.3,1.8,0.752,2.4,3.7,6,1.1,1.2,0.6,1.2,2.3,9.3,,easonta01
203,Precious Achiuwa,23,TOR,C,55,12,20.7,3.6,7.3,0.485,0.5,2,0.269,3,5.4,0.564,0.521,1.6,2.3,0.702,1.8,4.1,6,0.9,0.6,0.5,1.1,1.9,9.2,,achiupr01
204,Deni Avdija,22,WAS,SF,76,40,26.6,3.3,7.6,0.437,0.9,3.1,0.297,2.4,4.6,0.53,0.497,1.6,2.2,0.739,1,5.4,6.4,2.8,0.9,0.4,1.6,2.8,9.2,,avdijde01
205,Seth Curry,32,BRK,SG,61,7,19.9,3.4,7.4,0.463,1.5,3.8,0.405,1.9,3.6,0.525,0.568,0.8,0.9,0.927,0.2,1.4,1.6,1.6,0.6,0.1,0.8,1.6,9.2,,curryse01
206,Walker Kessler,21,UTA,C,74,40,23,4,5.6,0.72,0,0,0.333,4,5.6,0.723,0.721,1.1,2.1,0.516,3.1,5.3,8.4,0.9,0.4,2.3,0.8,2.3,9.2,ROY-3,kesslwa01
207,Bol Bol,23,ORL,PF,70,33,21.5,3.7,6.8,0.546,0.4,1.6,0.265,3.3,5.2,0.633,0.577,1.2,1.5,0.759,1,4.8,5.8,1,0.4,1.2,1.6,1.3,9.1,,bolbo01
208,Jalen Duren,19,DET,C,67,31,24.9,3.9,5.9,0.648,0,0,0,3.9,5.9,0.652,0.648,1.4,2.3,0.611,3.4,5.5,8.9,1.1,0.7,0.9,1.4,2.7,9.1,,durenja01
209,Josh Green,22,DAL,SG,60,21,25.7,3.4,6.4,0.537,1.1,2.8,0.402,2.3,3.6,0.643,0.626,1.1,1.6,0.723,0.9,2.1,3,1.7,0.7,0.1,1.2,2.6,9.1,,greenjo02
210,Naji Marshall,25,NOP,SF,77,21,23.3,3.2,7.4,0.433,0.9,2.8,0.303,2.4,4.6,0.513,0.49,1.8,2.3,0.789,0.6,3,3.6,2.5,0.7,0.2,1.3,1.5,9.1,,marshna01
211,Taurean Prince,28,MIN,PF,54,4,22.1,3.3,7,0.467,1.4,3.6,0.381,1.9,3.4,0.557,0.565,1.2,1.4,0.844,0.3,2.2,2.4,1.6,0.5,0.3,1.3,2.3,9.1,,princta02
212,Jae'Sean Tate,27,HOU,SF,31,7,21.8,3.5,7.4,0.48,0.4,1.5,0.283,3.1,5.9,0.53,0.509,1.6,2.2,0.725,1.3,2.5,3.8,2.7,0.7,0.2,1.5,3.4,9.1,,tateja01
213,Santi Aldama,22,MEM,PF,77,20,21.8,3.2,6.8,0.47,1.2,3.5,0.353,2,3.4,0.591,0.56,1.4,1.9,0.75,1.1,3.7,4.8,1.3,0.6,0.6,0.8,1.9,9,,aldamsa01
214,Jose Alvarado,24,NOP,PG,61,10,21.5,3.3,8,0.411,1.4,4,0.336,1.9,4,0.488,0.496,1.1,1.3,0.813,0.5,1.9,2.3,3,1.1,0.2,1.3,2,9,,alvarjo01
215,Daniel Gafford,24,WAS,C,78,47,20.6,3.7,5.1,0.732,0,0,,3.7,5.1,0.732,0.732,1.6,2.4,0.679,2.1,3.5,5.6,1.1,0.4,1.3,1.1,2.4,9,,gaffoda01
216,Mark Williams,21,CHO,C,43,17,19.3,3.7,5.8,0.637,0,0,,3.7,5.8,0.637,0.637,1.6,2.3,0.691,2.2,4.9,7.1,0.4,0.7,1,0.9,2.2,9,,willima07
217,AJ Griffin,19,ATL,SF,72,12,19.5,3.4,7.4,0.465,1.4,3.6,0.39,2,3.8,0.536,0.56,0.6,0.7,0.894,0.5,1.6,2.1,1,0.6,0.2,0.6,1.2,8.9,,griffaj01
218,Jaden Hardy,20,DAL,SG,48,5,14.8,3,6.9,0.438,1.3,3.3,0.404,1.7,3.7,0.469,0.533,1.4,1.6,0.823,0.2,1.6,1.9,1.4,0.4,0.1,1,1.3,8.8,,hardyja02
219,Shaquille Harrison,29,POR,SG,5,0,24,3,7.2,0.417,0.6,2,0.3,2.4,5.2,0.462,0.458,2.2,3,0.733,0.2,4.2,4.4,6,2.2,0.4,1.2,2.4,8.8,,harrish01
220,Terance Mann,26,LAC,SG,81,36,23.1,3.4,6.5,0.519,1,2.4,0.389,2.4,4,0.598,0.593,1.1,1.5,0.78,1,2.5,3.4,2.3,0.5,0.3,1,1.8,8.8,,mannte01
221,Royce O'Neale,29,BRK,SF,76,53,31.7,3,7.8,0.386,2.1,5.5,0.389,0.9,2.3,0.379,0.524,0.7,0.9,0.725,0.7,4.3,5.1,3.7,0.9,0.6,1.5,3.1,8.8,,onealro01
222,Dennis Smith Jr.,25,CHO,PG,54,15,25.7,3.4,8.4,0.412,0.4,2.1,0.216,3,6.3,0.475,0.438,1.4,2,0.736,0.5,2.6,3.1,4.8,1.4,0.5,1.5,2.3,8.8,,smithde03
223,Jordan Nwora,24,2TM,SF,62,14,19.2,3.1,7.2,0.436,1.4,3.4,0.408,1.7,3.8,0.462,0.533,1.1,1.4,0.791,0.8,2.9,3.7,1.4,0.4,0.2,1.1,1.2,8.7,,nworajo01
223,Jordan Nwora,24,MIL,SF,38,3,15.7,2,5.2,0.386,1.1,2.7,0.392,0.9,2.5,0.379,0.487,1,1.1,0.86,0.8,2.3,3.1,1,0.3,0.2,0.9,0.9,6,,nworajo01
223,Jordan Nwora,24,IND,SF,24,11,24.6,4.9,10.3,0.476,1.9,4.5,0.422,3,5.8,0.518,0.569,1.3,1.8,0.721,0.9,3.8,4.7,2.1,0.5,0.3,1.3,1.7,13,,nworajo01
224,T.J. McConnell,30,IND,PG,75,6,20.3,3.8,6.9,0.543,0.3,0.8,0.441,3.4,6.2,0.556,0.568,0.8,0.9,0.853,0.6,2.5,3.1,5.3,1.1,0.1,1.9,1.4,8.7,,mccontj01
225,Cedi Osman,27,CLE,SF,77,2,20.1,3.1,6.9,0.451,1.5,4.1,0.372,1.6,2.8,0.564,0.56,1,1.4,0.694,0.3,2,2.3,1.5,0.5,0.1,0.7,1.6,8.7,,osmande01
226,Landry Shamet,25,PHO,SG,40,9,20.2,2.8,7.5,0.377,1.9,5,0.377,1,2.5,0.376,0.502,1.1,1.3,0.882,0.3,1.4,1.7,2.3,0.7,0.1,0.9,1.5,8.7,,shamela01
227,Steven Adams,29,MEM,C,42,42,27,3.7,6.3,0.597,0,0,0,3.7,6.2,0.599,0.597,1.1,3.1,0.364,5.1,6.5,11.5,2.3,0.9,1.1,1.9,2.3,8.6,,adamsst01
228,Ayo Dosunmu,23,CHI,SG,80,51,26.2,3.5,7.1,0.493,0.7,2.4,0.312,2.8,4.8,0.583,0.545,0.8,1,0.805,0.6,2.2,2.8,2.6,0.8,0.3,1.2,2.3,8.6,,dosunay01
229,Draymond Green,32,GSW,PF,73,73,31.5,3.4,6.5,0.527,0.5,1.8,0.305,2.9,4.7,0.612,0.57,1.1,1.5,0.713,0.9,6.3,7.2,6.8,1,0.8,2.8,3.1,8.5,DPOY-4,greendr01
230,Shake Milton,26,PHI,SG,76,11,20.6,3.2,6.6,0.479,0.7,1.9,0.378,2.4,4.7,0.521,0.535,1.3,1.5,0.853,0.5,2,2.5,3.2,0.3,0.2,1.2,1.6,8.4,,miltosh01
231,Dorian Finney-Smith,29,2TM,PF,66,66,30.4,3,7.6,0.391,1.7,5.1,0.337,1.2,2.5,0.503,0.505,0.7,0.9,0.763,1.7,3.1,4.8,1.5,0.8,0.5,0.9,2.2,8.3,,finnedo01
231,Dorian Finney-Smith,29,DAL,PF,40,40,32.2,3.2,7.8,0.416,1.9,5.4,0.355,1.3,2.3,0.559,0.54,0.8,1,0.75,1.7,3,4.7,1.5,1,0.5,0.9,2,9.1,,finnedo01
231,Dorian Finney-Smith,29,BRK,PF,26,26,27.7,2.6,7.3,0.351,1.4,4.7,0.306,1.2,2.7,0.429,0.448,0.6,0.7,0.789,1.8,3.1,4.9,1.6,0.7,0.6,1,2.5,7.2,,finnedo01
232,Terrence Ross,31,2TM,SG,63,9,21.1,3.2,7.4,0.43,1.5,4.1,0.368,1.7,3.3,0.507,0.532,0.4,0.5,0.794,0.3,2.1,2.4,1.5,0.6,0.2,0.7,1.5,8.3,,rosste01
232,Terrence Ross,31,ORL,SG,42,9,22.5,3.1,7.1,0.431,1.5,3.8,0.381,1.6,3.3,0.489,0.533,0.4,0.5,0.75,0.2,1.8,2,1.3,0.6,0.2,0.9,1.3,8,,rosste01
232,Terrence Ross,31,PHO,SG,21,0,18.4,3.4,7.9,0.428,1.6,4.7,0.347,1.8,3.2,0.544,0.53,0.6,0.7,0.857,0.6,2.7,3.3,2,0.5,0.1,0.3,2.1,9,,rosste01
233,Gary Harris,28,ORL,SG,48,42,24.7,2.9,6.4,0.45,2,4.5,0.431,0.9,1.9,0.494,0.603,0.6,0.6,0.9,0.4,1.6,2,1.2,0.9,0.3,0.6,1.9,8.3,,harriga01
234,Kevin Love,34,2TM,PF,62,20,20,2.7,6.8,0.389,1.6,4.8,0.334,1.1,2.1,0.516,0.506,1.3,1.5,0.879,1,5.5,6.4,1.9,0.3,0.2,1.1,1.6,8.2,,loveke01
234,Kevin Love,34,CLE,PF,41,3,20,2.7,7,0.389,1.7,4.8,0.354,1,2.2,0.467,0.511,1.4,1.5,0.889,1,5.8,6.8,1.9,0.2,0.2,1.1,1.6,8.5,,loveke01
234,Kevin Love,34,MIA,PF,21,17,20,2.6,6.6,0.388,1.4,4.8,0.297,1.1,1.8,0.632,0.496,1.1,1.3,0.857,0.8,4.9,5.7,1.9,0.4,0.2,1.1,1.5,7.7,,loveke01
235,Damion Lee,30,PHO,SG,74,5,20.4,2.7,6.1,0.442,1.5,3.3,0.445,1.2,2.8,0.439,0.564,1.3,1.4,0.904,0.5,2.5,3,1.3,0.4,0.1,1.1,1.6,8.2,,leeda03
236,Georges Niang,29,PHI,PF,78,1,19.4,2.8,6.4,0.442,2,4.9,0.401,0.9,1.5,0.576,0.596,0.5,0.6,0.867,0.2,2.1,2.4,1,0.4,0.2,0.7,1.9,8.2,,niangge01
237,Nick Richards,25,CHO,C,65,9,18.7,3,4.8,0.629,0,0,1,3,4.8,0.628,0.631,2.1,2.8,0.749,2.3,4.1,6.4,0.6,0.2,1.1,0.9,2.4,8.2,,richani01
238,Aleksej Pokusevski,21,OKC,PF,34,25,20.6,3.2,7.3,0.434,1.1,3.1,0.365,2.1,4.3,0.483,0.51,0.6,1,0.629,1.3,3.4,4.7,1.9,0.6,1.3,1.3,1.7,8.1,,pokusal01
239,Grant Williams,24,BOS,PF,79,23,25.9,2.7,6,0.454,1.5,3.7,0.395,1.3,2.3,0.546,0.575,1.2,1.5,0.77,1.1,3.5,4.6,1.7,0.5,0.4,1,2.4,8.1,,willigr01
240,Jevon Carter,27,MIL,PG,81,39,22.3,3,7,0.423,1.8,4.2,0.421,1.2,2.8,0.425,0.549,0.4,0.5,0.816,0.4,2.1,2.5,2.4,0.8,0.4,1,2,8,,carteje01
241,Kemba Walker,32,DAL,PG,9,1,16,2.7,6.3,0.421,0.8,3.1,0.25,1.9,3.2,0.586,0.482,1.9,2.3,0.81,0.3,1.4,1.8,2.1,0.2,0.2,0.4,1.2,8,,walkeke02
242,Kenrich Williams,28,OKC,PF,53,10,22.8,3.4,6.5,0.517,0.9,2.5,0.373,2.4,4,0.608,0.59,0.3,0.7,0.436,1.8,3.1,4.9,2,0.8,0.3,0.6,2.1,8,,willike04
243,Robert Williams,25,BOS,C,35,20,23.5,3.6,4.9,0.747,0,0,0,3.6,4.8,0.751,0.747,0.7,1.2,0.61,3,5.4,8.3,1.4,0.6,1.4,1,1.9,8,,williro04
244,Gabe York,29,IND,SG,3,0,18.7,2.7,7,0.381,2,6,0.333,0.7,1,0.667,0.524,0.7,0.7,1,0,2,2,1.7,0.7,0,0,1.7,8,,yorkga01
245,Jarred Vanderbilt,23,2TM,PF,78,65,24.1,3.2,5.8,0.548,0.4,1.2,0.322,2.8,4.6,0.604,0.58,1.2,1.8,0.691,2.2,5.3,7.5,2.4,1.1,0.3,1.2,2.4,7.9,,vandeja01
245,Jarred Vanderbilt,23,UTA,PF,52,41,24.1,3.3,6,0.556,0.4,1.1,0.333,3,4.9,0.606,0.587,1.3,2,0.657,2.3,5.5,7.9,2.7,1,0.3,1.3,2.6,8.3,,vandeja01
245,Jarred Vanderbilt,23,LAL,PF,26,24,24,2.8,5.4,0.529,0.4,1.3,0.303,2.5,4.1,0.598,0.564,1.1,1.4,0.784,1.9,4.8,6.7,1.6,1.2,0.2,1.1,2.2,7.2,,vandeja01
246,Ochai Agbaji,22,UTA,SG,59,22,20.5,2.8,6.5,0.427,1.4,3.9,0.355,1.4,2.7,0.532,0.532,0.9,1.2,0.812,0.7,1.3,2.1,1.1,0.3,0.3,0.7,1.7,7.9,,agbajoc01
247,Chris Duarte,25,IND,SF,46,12,19.5,2.7,7.2,0.369,1.2,3.8,0.316,1.5,3.5,0.428,0.452,1.3,1.6,0.847,0.4,2.1,2.5,1.4,0.5,0.2,0.9,1.4,7.9,,duartch01
248,Duane Washington Jr.,22,PHO,SG,31,3,12.7,3,8.3,0.367,1.3,3.6,0.36,1.7,4.7,0.372,0.445,0.5,0.8,0.667,0.1,1.1,1.2,2,0.2,0.1,1.1,0.7,7.9,,washidu02
249,Jeff Green,36,DEN,PF,56,4,19.5,2.9,5.9,0.488,0.5,1.9,0.288,2.3,4,0.58,0.534,1.6,2.1,0.744,0.7,1.9,2.6,1.2,0.3,0.3,0.8,1.8,7.8,,greenje02
250,Tre Mann,21,OKC,PG,67,5,17.7,2.9,7.5,0.393,1.2,3.8,0.315,1.7,3.6,0.475,0.474,0.6,0.8,0.764,0.4,1.9,2.3,1.8,0.6,0.2,0.9,1.5,7.7,,manntr01
251,Pat Connaughton,30,MIL,SF,61,33,23.7,2.7,6.9,0.392,1.8,5.3,0.339,0.9,1.6,0.566,0.521,0.4,0.7,0.659,0.8,3.8,4.6,1.3,0.6,0.2,0.5,1.1,7.6,,connapa01
252,Joe Harris,31,BRK,SF,74,33,20.6,2.7,5.9,0.457,1.9,4.5,0.426,0.8,1.4,0.551,0.618,0.2,0.4,0.643,0.3,1.9,2.2,1.4,0.5,0.2,0.6,1.9,7.6,,harrijo01
253,Trey Lyles,27,SAC,PF,74,0,16.9,2.5,5.5,0.458,1.2,3.2,0.363,1.4,2.3,0.595,0.565,1.4,1.7,0.815,0.9,3.1,4.1,0.9,0.4,0.4,0.9,1.3,7.6,,lylestr01
254,T.J. Warren,29,2TM,PF,42,0,16.4,3.1,6.4,0.489,0.5,1.6,0.328,2.6,4.8,0.542,0.53,0.7,0.8,0.8,0.6,2.3,2.9,1,0.5,0.3,0.5,1.5,7.5,,warretj01
254,T.J. Warren,29,BRK,PF,26,0,18.8,3.9,7.7,0.51,0.6,1.8,0.333,3.3,5.8,0.566,0.55,1,1.3,0.818,0.5,2.3,2.8,1.1,0.6,0.3,0.7,1.7,9.5,,warretj01
254,T.J. Warren,29,PHO,SF,16,0,12.3,1.9,4.4,0.429,0.4,1.2,0.316,1.5,3.2,0.471,0.471,0.1,0.1,0.5,0.8,2.3,3.1,0.7,0.4,0.3,0.2,1.3,4.2,,warretj01
255,Devonte' Graham,27,2TM,PG,73,8,18.3,2.2,5.9,0.374,1.6,4.6,0.352,0.6,1.3,0.452,0.512,1.3,1.8,0.748,0.3,1.4,1.7,2.7,0.6,0.2,0.7,1.1,7.4,,grahade01
255,Devonte' Graham,27,NOP,PG,53,0,15.3,1.6,4.4,0.368,1.2,3.6,0.347,0.4,0.8,0.463,0.511,0.8,1.1,0.746,0.2,1.1,1.4,2.2,0.6,0.2,0.5,0.9,5.3,,grahade01
255,Devonte' Graham,27,SAS,PG,20,8,26.4,3.8,10,0.38,2.7,7.4,0.358,1.2,2.6,0.442,0.513,2.7,3.6,0.75,0.4,2.2,2.5,4,0.8,0.3,1.3,1.6,13,,grahade01
256,Torrey Craig,32,PHO,PF,79,60,24.7,2.9,6.3,0.456,1.3,3.2,0.395,1.6,3.1,0.518,0.556,0.4,0.6,0.711,1.8,3.6,5.4,1.5,0.6,0.8,0.9,2.3,7.4,,craigto01
257,Mitchell Robinson,24,NYK,C,59,58,27,3.2,4.7,0.671,0,0,,3.2,4.7,0.671,0.671,1,2.1,0.484,4.5,4.9,9.4,0.9,0.9,1.8,0.7,2.7,7.4,,robinmi01
258,Obi Toppin,24,NYK,PF,67,5,15.7,2.8,6.3,0.446,1.3,3.7,0.344,1.5,2.6,0.593,0.548,0.6,0.7,0.809,0.4,2.4,2.8,1,0.3,0.2,0.6,1,7.4,,toppiob01
259,Trendon Watford,22,POR,PF,62,12,19.1,2.9,5.2,0.56,0.4,1,0.391,2.5,4.2,0.602,0.599,1.2,1.6,0.72,0.7,3.2,3.8,2.1,0.5,0.2,1.1,1.9,7.4,,watfotr01
260,Delon Wright,30,WAS,PG,50,14,24.4,2.8,5.8,0.474,0.8,2.4,0.345,1.9,3.4,0.564,0.545,1,1.2,0.867,1.2,2.4,3.6,3.9,1.8,0.3,0.9,1.2,7.4,,wrighde01
261,Jay Huff,24,WAS,C,7,0,13.6,2.1,3.6,0.6,0.9,1.7,0.5,1.3,1.9,0.692,0.72,2.1,2.3,0.938,0.9,2.1,3,1.4,0.4,0.6,0.7,2.1,7.3,,huffja01
262,Josh Okogie,24,PHO,SG,72,26,18.8,2.3,5.8,0.391,0.9,2.7,0.335,1.3,3,0.442,0.471,1.9,2.7,0.724,1.5,2,3.5,1.5,0.8,0.5,0.9,1.6,7.3,,okogijo01
263,Reggie Bullock,31,DAL,SF,78,55,30.3,2.5,6,0.409,1.9,5.1,0.38,0.5,0.9,0.562,0.569,0.3,0.5,0.703,0.4,3.2,3.6,1.4,0.7,0.2,0.5,2.1,7.2,,bullore01
264,Isaiah Jackson,21,IND,C,63,12,16.5,2.8,5,0.563,0,0.2,0.143,2.8,4.8,0.582,0.566,1.5,2.3,0.651,1.8,2.7,4.5,0.8,0.5,1.5,0.8,2.4,7.2,,jacksis01
265,Kendrick Nunn,27,2TM,SG,70,2,13.8,2.7,6.4,0.424,1.1,3.2,0.354,1.6,3.2,0.493,0.512,0.5,0.6,0.854,0.2,1.3,1.6,1.3,0.4,0.1,0.9,0.9,7.1,,nunnke01
265,Kendrick Nunn,27,LAL,SG,39,2,13.5,2.6,6.4,0.406,1.1,3.2,0.325,1.6,3.2,0.488,0.488,0.4,0.5,0.81,0.1,1.3,1.4,0.9,0.3,0.1,0.8,0.9,6.7,,nunnke01
265,Kendrick Nunn,27,WAS,SG,31,0,14.1,2.9,6.4,0.447,1.2,3.1,0.392,1.6,3.3,0.5,0.543,0.6,0.6,0.9,0.3,1.4,1.7,1.8,0.5,0.1,1.1,1,7.5,,nunnke01
266,Troy Brown Jr.,23,LAL,SF,76,45,24.5,2.6,6.1,0.43,1.4,3.7,0.381,1.2,2.4,0.505,0.545,0.4,0.5,0.872,0.8,3.2,4.1,1.3,0.8,0.2,0.6,1.6,7.1,,browntr01
267,Edmond Sumner,27,BRK,SG,53,12,13.9,2.3,5.1,0.461,0.6,1.6,0.356,1.8,3.4,0.511,0.519,1.9,2,0.917,0.2,1.2,1.5,1.3,0.6,0.2,0.9,1.6,7.1,,sumneed01
268,Lindell Wigginton,24,MIL,PG,7,1,12.4,2.6,5.3,0.486,0.9,2.6,0.333,1.7,2.7,0.632,0.568,1.1,1.3,0.889,0,1,1,2,0,0.3,1.7,1,7.1,,wiggili01
269,Eugene Omoruyi,25,2TM,SF,40,6,16.1,2.5,5.7,0.443,0.6,2.2,0.281,1.9,3.5,0.547,0.498,1.3,1.9,0.68,1.1,1.7,2.8,0.7,0.7,0.1,0.9,2.3,7,,omorueu01
269,Eugene Omoruyi,25,OKC,SF,23,2,11.8,1.9,4.1,0.468,0.3,1.3,0.258,1.6,2.7,0.571,0.511,0.7,1.2,0.607,1,1.3,2.3,0.5,0.6,0,0.7,2,4.9,,omorueu01
269,Eugene Omoruyi,25,DET,SF,17,4,21.9,3.4,7.9,0.425,1,3.4,0.293,2.4,4.5,0.526,0.489,2,2.8,0.723,1.2,2.2,3.5,1,0.8,0.2,1.1,2.6,9.7,,omorueu01
270,Chance Comanche,26,POR,C,1,0,21,3,5,0.6,0,0,,3,5,0.6,0.6,1,4,0.25,2,1,3,0,0,1,0,0,7,,comanch01
271,Kevon Looney,26,GSW,C,82,70,23.9,3,4.7,0.63,0,0,0,3,4.7,0.632,0.63,1.1,1.9,0.606,3.3,5.9,9.3,2.5,0.6,0.6,0.5,2.7,7,,looneke01
272,Joshua Primo,20,SAS,SG,4,0,23.3,2.3,6.5,0.346,0.8,3,0.25,1.5,3.5,0.429,0.404,1.8,2.3,0.778,0.5,2.8,3.3,4.5,0.3,0.5,2.8,2,7,,primojo01
273,Daniel Theis,30,IND,C,7,1,15.6,3,6.3,0.477,0.3,1.6,0.182,2.7,4.7,0.576,0.5,0.7,1.7,0.417,1,2.1,3.1,1.3,0.3,0.9,0.4,1,7,,theisda01
274,Xavier Tillman Sr.,24,MEM,C,61,29,19.3,3.1,5,0.614,0.1,0.2,0.267,3,4.8,0.632,0.621,0.8,1.5,0.551,2,3,5,1.6,1,0.5,0.7,1.6,7,,tillmxa01
275,Svi Mykhailiuk,25,2TM,SF,32,8,14.6,2.4,5.4,0.445,1.3,3.1,0.424,1.1,2.3,0.473,0.566,0.8,1.2,0.667,0.5,1.2,1.7,1.7,0.5,0.1,0.8,0.7,6.9,,mykhasv01
275,Svi Mykhailiuk,25,NYK,SF,13,0,3.1,0.5,0.9,0.5,0.5,0.8,0.6,0,0.2,0,0.75,0.2,0.4,0.6,0,0.5,0.5,0.1,0.1,0,0.2,0.1,1.6,,mykhasv01
275,Svi Mykhailiuk,25,CHO,SF,19,8,22.5,3.7,8.5,0.441,1.9,4.7,0.404,1.8,3.8,0.486,0.553,1.2,1.8,0.676,0.8,1.6,2.4,2.7,0.7,0.2,1.2,1.2,10.6,,mykhasv01
276,Jae Crowder,32,MIL,PF,18,3,18.9,2.5,5.2,0.479,1.3,3.1,0.436,1.2,2.2,0.538,0.606,0.6,0.7,0.833,0.9,2.9,3.8,1.5,0.7,0.3,0.4,1.5,6.9,,crowdja01
277,Willy Hernangómez,28,NOP,C,38,2,12.1,2.3,4.4,0.527,0.1,0.3,0.273,2.3,4.2,0.544,0.536,2.1,2.7,0.779,1.5,3.2,4.7,0.9,0.4,0.3,1,1.7,6.9,,hernawi01
278,Joe Ingles,35,MIL,SF,46,0,22.7,2.3,5.4,0.435,1.8,4.4,0.409,0.5,1,0.556,0.603,0.4,0.5,0.857,0.3,2.5,2.8,3.3,0.7,0.1,1.2,1.6,6.9,,inglejo01
279,Ty Jerome,25,GSW,SG,45,2,18.1,2.6,5.4,0.488,0.8,2,0.389,1.8,3.4,0.546,0.56,0.8,0.9,0.927,0.2,1.6,1.7,3,0.5,0.1,0.7,1.4,6.9,,jeromty01
280,Cory Joseph,31,DET,PG,62,2,19.8,2.4,5.7,0.427,1.1,2.9,0.389,1.3,2.8,0.468,0.527,0.9,1.2,0.792,0.3,1.4,1.7,3.5,0.5,0.1,0.9,1.4,6.9,,josepco01
281,Romeo Langford,23,SAS,SG,43,21,19.6,2.8,6,0.467,0.4,1.4,0.262,2.4,4.6,0.53,0.498,0.9,1.3,0.696,1.3,1.3,2.7,1.2,0.6,0.3,0.7,1.6,6.9,,langfro01
282,Ben Simmons,26,BRK,PG,42,33,26.3,3.2,5.6,0.566,0,0,0,3.2,5.5,0.571,0.566,0.6,1.4,0.439,1,5.3,6.3,6.1,1.3,0.6,2.3,3.3,6.9,,simmobe01
283,Will Barton,32,2TM,SG,56,2,17.7,2.5,6.5,0.379,1.2,3.2,0.367,1.3,3.3,0.391,0.47,0.7,0.8,0.787,0.3,2.2,2.4,2,0.5,0.2,0.9,1,6.8,,bartowi01
283,Will Barton,32,WAS,SG,40,0,19.6,2.8,7.1,0.386,1.3,3.5,0.377,1.5,3.7,0.395,0.477,0.9,1.1,0.778,0.3,2.5,2.8,2.4,0.4,0.3,1.1,1,7.7,,bartowi01
283,Will Barton,32,TOR,SG,16,2,13.2,1.8,4.9,0.354,0.9,2.6,0.333,0.9,2.3,0.378,0.443,0.1,0.1,1,0.3,1.3,1.6,1.1,0.7,0.2,0.2,1.1,4.5,,bartowi01
284,Larry Nance Jr.,30,NOP,C,65,1,21.2,2.9,4.7,0.61,0.2,0.6,0.333,2.6,4,0.654,0.633,0.8,1.2,0.696,1.6,3.8,5.4,1.8,0.9,0.6,0.6,2,6.8,,nancela02
285,Jeremiah Robinson-Earl,22,OKC,PF,43,20,18.9,2.6,5.8,0.444,0.9,2.6,0.333,1.7,3.2,0.533,0.518,0.8,1,0.833,1.7,2.5,4.2,1,0.6,0.3,0.4,1.7,6.8,,robinje02
286,Aaron Wiggins,24,OKC,SG,70,14,18.5,2.7,5.2,0.512,0.7,1.7,0.393,2,3.4,0.573,0.579,0.8,1,0.831,1,2,3,1.1,0.6,0.2,0.8,1.6,6.8,,wiggiaa01
287,Justise Winslow,26,POR,PF,29,11,26.8,2.8,6.8,0.409,0.5,1.6,0.311,2.3,5.3,0.438,0.444,0.7,1,0.714,1.7,3.3,5,3.4,1,0.4,1.5,3.1,6.8,,winslju01
288,Terence Davis,25,SAC,SG,64,5,13.1,2.4,5.7,0.423,1.4,3.8,0.366,1,1.9,0.537,0.545,0.5,0.7,0.791,0.3,1.9,2.2,1,0.7,0.2,0.8,1.6,6.7,,daviste02
289,Anthony Lamb,25,GSW,SF,62,4,19.3,2.4,5.1,0.471,1.2,3.2,0.367,1.2,1.9,0.652,0.588,0.7,1,0.767,0.9,2.6,3.5,1.5,0.5,0.3,0.9,2.2,6.7,,lamban01
290,Isaiah Livers,24,DET,PF,52,22,23.1,2.3,5.5,0.417,1.4,3.9,0.365,0.9,1.6,0.541,0.545,0.6,0.8,0.821,0.5,2.2,2.8,0.8,0.5,0.5,0.6,2,6.7,,liveris01
291,Théo Maledon,21,CHO,PG,44,7,19.4,2.3,5.8,0.402,0.6,2.2,0.295,1.7,3.6,0.465,0.457,1.4,1.7,0.851,0.3,2.5,2.8,3.5,0.8,0.3,1.3,1.4,6.7,,maledth01
292,Dwight Powell,31,DAL,C,76,64,19.2,2.6,3.5,0.732,0,0.1,0,2.6,3.5,0.746,0.732,1.5,2.2,0.667,2,2.2,4.1,0.9,0.6,0.3,0.9,2.8,6.7,,poweldw01
293,David Roddy,21,MEM,PF,70,4,18,2.6,6,0.429,0.9,3,0.307,1.6,3,0.553,0.506,0.6,0.9,0.631,0.7,2,2.8,0.8,0.4,0.3,0.8,1.5,6.7,,roddyda01
294,Kevin Knox,23,2TM,SF,63,5,15.1,2.4,5.3,0.458,1,3,0.349,1.4,2.3,0.596,0.556,0.7,1,0.767,0.5,2.3,2.8,0.5,0.4,0.2,0.8,1.5,6.6,,knoxke01
294,Kevin Knox,23,DET,SF,42,1,14.1,2,4.3,0.469,1,2.8,0.371,1,1.5,0.651,0.589,0.6,0.8,0.788,0.5,2.1,2.6,0.4,0.3,0.3,0.8,1.8,5.6,,knoxke01
294,Kevin Knox,23,POR,PF,21,4,17.1,3.2,7.3,0.444,1,3.3,0.314,2.2,4,0.554,0.516,1,1.3,0.741,0.7,2.6,3.3,0.9,0.5,0,0.9,1,8.5,,knoxke01
295,Mo Bamba,24,2TM,C,49,7,15.7,2.4,4.9,0.485,1,2.5,0.387,1.4,2.4,0.59,0.585,0.8,1.3,0.661,1.2,3.4,4.6,0.9,0.3,0.9,0.6,2.1,6.6,,bambamo01
295,Mo Bamba,24,ORL,C,40,6,17,2.7,5.4,0.495,1.1,2.7,0.398,1.6,2.7,0.594,0.596,0.9,1.3,0.686,1.2,3.4,4.6,1.1,0.3,1,0.6,2.2,7.3,,bambamo01
295,Mo Bamba,24,LAL,C,9,1,9.8,1.2,3,0.407,0.6,1.8,0.313,0.7,1.2,0.545,0.5,0.7,1.2,0.545,1.2,3.3,4.6,0.4,0.1,0.6,0.9,2.1,3.7,,bambamo01
296,Drew Eubanks,25,POR,C,78,28,20.3,2.7,4.3,0.641,0.1,0.2,0.389,2.7,4.1,0.655,0.651,1.1,1.6,0.664,1.7,3.7,5.4,1.3,0.5,1.3,0.9,2.2,6.6,,eubandr01
297,Jordan Goodwin,24,WAS,PG,62,7,17.8,2.5,5.7,0.448,0.6,1.9,0.322,1.9,3.8,0.511,0.501,0.9,1.1,0.768,0.9,2.4,3.3,2.7,0.9,0.4,0.9,1.5,6.6,,goodwjo01
298,Jock Landale,27,PHO,C,69,4,14.2,2.6,4.9,0.528,0.3,1.2,0.25,2.3,3.7,0.621,0.559,1.1,1.5,0.752,1.7,2.3,4.1,1,0.2,0.4,0.9,1.8,6.6,,landajo01
299,Nassir Little,22,POR,SF,54,4,18.1,2.5,5.6,0.442,1.1,2.9,0.367,1.4,2.7,0.524,0.538,0.6,0.9,0.717,0.5,2.1,2.6,0.9,0.4,0.4,0.7,1.2,6.6,,littlna01
300,Brandon Boston Jr.,21,LAC,SF,22,1,11.3,2.3,5.5,0.418,0.5,1.3,0.414,1.8,4.2,0.419,0.467,1.3,1.7,0.763,0.3,1,1.4,0.9,0.4,0,0.5,1,6.5,,bostobr01
301,Luka Garza,24,MIN,C,28,0,8.7,2.3,4.1,0.543,0.5,1.4,0.359,1.8,2.8,0.636,0.603,1.5,1.9,0.788,1.2,1.1,2.3,0.6,0.1,0.1,0.5,1.5,6.5,,garzalu01
302,Jay Scrubb,22,ORL,SG,2,0,15,2.5,3.5,0.714,1,1,1,1.5,2.5,0.6,0.857,0.5,1,0.5,0,3,3,0.5,1,0,1.5,1,6.5,,scrubja01
303,Cody Zeller,30,MIA,C,15,2,14.5,2.5,3.9,0.627,0,0.1,0,2.5,3.8,0.649,0.627,1.6,2.3,0.686,1.7,2.6,4.3,0.7,0.2,0.3,0.9,2.2,6.5,,zelleco01
304,Dario Šarić,28,2TM,C,57,12,14.1,2.2,4.9,0.458,0.8,2,0.391,1.4,2.8,0.506,0.54,1.1,1.3,0.829,0.9,2.7,3.6,1.3,0.4,0.1,1,1.7,6.4,,saricda01
304,Dario Šarić,28,PHO,PF,37,12,14.4,2.1,4.8,0.427,0.7,1.9,0.391,1.3,2.9,0.45,0.503,1,1.2,0.818,1.1,2.8,3.8,1.5,0.4,0.1,1,1.9,5.8,,saricda01
304,Dario Šarić,28,OKC,C,20,0,13.7,2.6,5,0.515,0.9,2.3,0.391,1.7,2.7,0.623,0.606,1.4,1.6,0.844,0.7,2.6,3.3,0.9,0.4,0.1,1,1.5,7.4,,saricda01
305,R.J. Hampton,21,2TM,SG,47,3,16,2.2,5,0.43,0.9,2.5,0.353,1.3,2.6,0.504,0.517,1.2,1.6,0.75,0.4,1.5,1.9,1.1,0.6,0.2,0.9,1.1,6.4,,hamptrj01
305,R.J. Hampton,21,ORL,SG,26,0,13.9,1.9,4.4,0.439,0.7,2,0.34,1.2,2.3,0.525,0.518,1.2,1.4,0.838,0.3,1.2,1.5,1.3,0.6,0.2,0.8,0.8,5.7,,hamptrj01
305,R.J. Hampton,21,DET,SG,21,3,18.5,2.5,5.9,0.423,1.1,3,0.365,1.4,2.9,0.483,0.516,1.2,1.9,0.667,0.4,1.9,2.3,1,0.5,0.2,1,1.4,7.3,,hamptrj01
306,JaMychal Green,32,GSW,PF,57,1,14,2.4,4.4,0.54,0.7,1.9,0.378,1.6,2.5,0.667,0.623,0.9,1.2,0.776,1.3,2.3,3.6,0.9,0.4,0.4,0.9,1.8,6.4,,greenja01
307,Sam Hauser,25,BOS,SF,80,8,16.1,2.3,5,0.455,1.8,4.2,0.418,0.5,0.8,0.656,0.631,0.2,0.2,0.706,0.4,2.1,2.6,0.9,0.4,0.3,0.4,1.2,6.4,,hausesa01
308,Isaac Okoro,22,CLE,SF,76,46,21.7,2.3,4.7,0.494,0.8,2.3,0.363,1.5,2.4,0.617,0.582,1,1.4,0.757,0.7,1.8,2.5,1.1,0.7,0.4,0.6,2.1,6.4,,okorois01
309,Duncan Robinson,28,MIA,SF,42,1,16.5,2.1,5.6,0.371,1.5,4.6,0.328,0.6,1.1,0.556,0.504,0.7,0.8,0.906,0.2,1.5,1.6,1.1,0.3,0,0.7,1.8,6.4,,robindu01
310,Goran Dragić,36,2TM,PG,58,0,15,2.4,5.8,0.421,0.9,2.5,0.359,1.5,3.3,0.468,0.499,0.5,0.8,0.689,0.3,1.1,1.4,2.6,0.2,0.1,1.1,1.1,6.3,,dragigo01
310,Goran Dragić,36,CHI,PG,51,0,15.4,2.5,5.9,0.425,0.9,2.5,0.352,1.6,3.4,0.48,0.5,0.5,0.8,0.659,0.3,1.1,1.4,2.7,0.2,0.1,1.1,1.2,6.4,,dragigo01
310,Goran Dragić,36,MIL,PG,7,0,11.9,2,5.1,0.389,1,2.4,0.412,1,2.7,0.368,0.486,0.6,0.6,1,0.4,1.3,1.7,1.7,0.3,0,1,0.3,5.6,,dragigo01
311,Simone Fontecchio,27,UTA,SF,52,6,14.7,2.2,6,0.369,1.2,3.7,0.33,1,2.3,0.43,0.47,0.7,0.8,0.795,0.6,1.1,1.7,0.8,0.3,0.2,0.8,1.2,6.3,,fontesi01
312,Patrick Beverley,34,2TM,PG,67,67,27.1,2.1,5.4,0.4,1.2,3.6,0.335,1,1.8,0.529,0.511,0.7,1,0.723,0.7,3,3.7,2.9,0.9,0.6,0.9,2.8,6.2,,beverpa01
312,Patrick Beverley,34,LAL,SG,45,45,26.9,2.2,5.4,0.402,1.2,3.5,0.348,0.9,1.8,0.506,0.517,0.9,1.1,0.78,0.5,2.6,3.1,2.6,0.9,0.6,0.9,2.8,6.4,,beverpa01
312,Patrick Beverley,34,CHI,PG,22,22,27.5,2.1,5.4,0.395,1.1,3.7,0.309,1,1.7,0.579,0.5,0.4,0.7,0.533,0.9,4,4.9,3.5,1,0.7,0.8,2.9,5.8,,beverpa01
313,Nickeil Alexander-Walker,24,2TM,SG,59,3,15,2.2,5,0.444,1,2.7,0.384,1.2,2.3,0.515,0.547,0.7,1,0.667,0.3,1.5,1.7,1.8,0.5,0.4,0.9,1.5,6.2,,alexani01
313,Nickeil Alexander-Walker,24,UTA,SG,36,3,14.7,2.3,4.7,0.488,1,2.4,0.402,1.3,2.3,0.578,0.591,0.8,1.1,0.692,0.2,1.4,1.6,2.1,0.7,0.4,1.3,1.6,6.3,,alexani01
313,Nickeil Alexander-Walker,24,MIN,SG,23,0,15.5,2.1,5.4,0.384,1.1,3.1,0.361,1,2.3,0.415,0.488,0.6,0.9,0.619,0.3,1.5,1.8,1.4,0.3,0.3,0.4,1.3,5.9,,alexani01
314,Jared Butler,22,OKC,PG,6,1,12.8,2.5,5.3,0.469,1.2,2.3,0.5,1.3,3,0.444,0.578,0,0,,0.2,0.5,0.7,1.3,0.8,0,0.8,0.8,6.2,,butleja02
315,Quenton Jackson,24,WAS,PG,9,0,15,2.1,4.7,0.452,0.1,1.3,0.083,2,3.3,0.6,0.464,1.9,2.4,0.773,0.2,0.7,0.9,1.7,0.4,0.1,0.4,1.1,6.2,,jacksqu01
316,Patty Mills,34,BRK,PG,40,2,14.2,2.2,5.2,0.411,1.2,3.4,0.366,0.9,1.9,0.493,0.529,0.6,0.8,0.833,0.2,0.9,1.1,1.4,0.4,0.1,0.8,0.8,6.2,,millspa02
317,Sandro Mamukelashvili,23,2TM,C,43,7,15.3,2.3,5.3,0.422,0.7,2.3,0.303,1.6,3,0.511,0.487,0.9,1.3,0.684,1.6,2.7,4.3,1.4,0.3,0.3,0.8,1.2,6.1,,mamuksa01
317,Sandro Mamukelashvili,23,MIL,C,24,0,9,0.8,2.4,0.328,0.3,1.3,0.219,0.5,1.1,0.462,0.388,0.5,0.8,0.667,0.8,1.6,2.3,0.7,0.2,0.2,0.4,0.8,2.4,,mamuksa01
317,Sandro Mamukelashvili,23,SAS,C,19,7,23.3,4.1,9.1,0.453,1.2,3.5,0.343,2.9,5.5,0.524,0.52,1.4,2.1,0.692,2.7,4.1,6.8,2.4,0.5,0.4,1.4,1.7,10.8,,mamuksa01
318,Mike Muscala,31,2TM,C,63,9,15,2.1,4.6,0.449,1.3,3.3,0.391,0.8,1.3,0.588,0.587,0.6,0.8,0.769,0.6,2.6,3.2,0.8,0.2,0.4,0.4,1.6,6.1,,muscami01
318,Mike Muscala,31,OKC,C,43,5,14.5,2.1,4.7,0.438,1.3,3.3,0.394,0.8,1.4,0.541,0.576,0.7,0.9,0.795,0.5,2.6,3.1,0.9,0.3,0.4,0.3,1.6,6.2,,muscami01
318,Mike Muscala,31,BOS,C,20,4,16.2,2.1,4.5,0.472,1.3,3.3,0.385,0.9,1.2,0.708,0.612,0.5,0.7,0.692,0.7,2.7,3.4,0.6,0.2,0.3,0.5,1.4,5.9,,muscami01
319,Nicolas Batum,34,LAC,PF,78,19,21.9,2.1,4.9,0.42,1.6,4.1,0.391,0.5,0.8,0.563,0.583,0.4,0.6,0.708,0.8,3,3.8,1.6,0.7,0.6,0.6,1.9,6.1,,batumni01
320,Oshae Brissett,24,IND,PF,65,2,16.7,1.9,4.9,0.386,0.7,2.4,0.31,1.2,2.5,0.457,0.461,1.6,2.2,0.717,1,2.4,3.4,0.7,0.5,0.2,0.5,1.2,6.1,,brissos01
321,Evan Fournier,30,NYK,SG,27,7,17,2.1,6.1,0.337,1.3,4.2,0.307,0.8,1.9,0.404,0.443,0.7,0.8,0.857,0.1,1.7,1.8,1.3,0.6,0.1,0.8,1.7,6.1,,fournev01
322,Saben Lee,23,2TM,PG,25,1,14.9,2,4.8,0.405,0.4,1.2,0.367,1.5,3.6,0.418,0.45,1.7,2.3,0.737,0.5,1.3,1.8,2.7,0.8,0,1,1.3,6,,leesa01
322,Saben Lee,23,PHI,PG,2,0,5,1.5,2,0.75,0,0.5,0,1.5,1.5,1,0.75,0,0,,0,0,0,1,0.5,0,1.5,0.5,3,,leesa01
322,Saben Lee,23,PHO,PG,23,1,15.8,2,5.1,0.393,0.5,1.3,0.379,1.5,3.8,0.398,0.44,1.8,2.5,0.737,0.6,1.4,2,2.8,0.8,0,0.9,1.3,6.3,,leesa01
323,Robert Covington,32,LAC,PF,48,0,16.2,2.1,4.8,0.445,1.1,2.8,0.397,1,1.9,0.516,0.563,0.6,0.8,0.75,0.6,2.8,3.5,1.2,0.8,0.7,0.7,1.8,6,,covinro01
324,Andre Drummond,29,CHI,C,67,0,12.7,2.5,4.1,0.606,0,0,0,2.5,4,0.613,0.606,1,1.9,0.536,2.1,4.6,6.6,0.5,0.7,0.4,1.1,1.7,6,,drumman01
325,Maxi Kleber,31,DAL,PF,37,5,25.1,2.1,4.6,0.456,1.1,3,0.348,1,1.5,0.667,0.571,0.7,1,0.711,0.8,2.8,3.6,1.4,0.3,0.8,0.7,2.3,5.9,,klebima01
326,Jaylin Williams,20,OKC,C,49,36,18.7,2.1,4.8,0.436,0.9,2.3,0.407,1.1,2.5,0.463,0.534,0.8,1.1,0.704,0.9,4,4.9,1.6,0.6,0.2,0.8,2.3,5.9,,willija07
327,Josh Christopher,21,HOU,SG,64,2,12.3,2.4,5.1,0.465,0.3,1.4,0.236,2.1,3.8,0.55,0.497,0.7,0.9,0.75,0.3,0.8,1.1,1.1,0.5,0.2,0.9,0.9,5.8,,chrisjo01
328,Johnny Davis,20,WAS,SG,28,5,15.1,2.4,6.1,0.386,0.6,2.5,0.243,1.8,3.6,0.485,0.436,0.5,1,0.519,0.4,2,2.3,1,0.4,0.3,0.6,1.7,5.8,,davisjo06
329,Stanley Johnson,26,SAS,SF,30,0,15.6,2.2,4.1,0.533,0.6,1.3,0.45,1.6,2.7,0.573,0.607,0.9,1.3,0.667,0.7,2.4,3.2,2.2,0.5,0.2,1.1,1.6,5.8,,johnsst04
330,Charles Bassey,22,SAS,C,35,2,14.5,2.5,3.9,0.644,0.1,0.2,0.375,2.4,3.6,0.661,0.656,0.6,1.1,0.595,2.1,3.4,5.5,1.4,0.5,0.9,1.2,2.1,5.7,,bassech01
331,Rodney McGruder,31,DET,SG,32,12,16.4,1.9,4.8,0.408,1.3,3,0.423,0.7,1.7,0.382,0.543,0.6,0.7,0.818,0.6,1.7,2.3,0.9,0.5,0,0.3,1.2,5.7,,mcgruro01
332,Ziaire Williams,21,MEM,SF,37,4,15.2,2.3,5.3,0.429,0.7,2.6,0.258,1.6,2.7,0.596,0.492,0.5,0.6,0.773,0.4,1.7,2.1,0.9,0.4,0.2,1,1.6,5.7,,willizi02
333,James Bouknight,22,CHO,SG,34,0,15.1,2,5.7,0.358,1,3.2,0.303,1.1,2.5,0.429,0.443,0.6,0.9,0.667,0.2,1.9,2.1,1.2,0.4,0.1,0.9,1.4,5.6,,bouknja01
334,Alex Caruso,28,CHI,PG,67,36,23.5,1.9,4.3,0.455,0.8,2.3,0.364,1.1,2,0.556,0.551,0.9,1.1,0.808,0.6,2.3,2.9,2.9,1.5,0.7,1.1,2.4,5.6,DPOY-11,carusal01
335,Montrezl Harrell,29,PHI,C,57,7,11.9,2.2,3.7,0.598,0,0.1,0,2.2,3.6,0.616,0.598,1.2,1.8,0.693,1.2,1.6,2.8,0.6,0.3,0.4,0.6,1.3,5.6,,harremo01
336,Jalen Johnson,21,ATL,SF,70,6,14.9,2.3,4.6,0.491,0.4,1.5,0.288,1.8,3.1,0.587,0.537,0.7,1.1,0.628,0.7,3.3,4,1.2,0.5,0.5,0.6,1.6,5.6,,johnsja05
337,Davion Mitchell,24,SAC,PG,80,9,18.1,2.3,5,0.454,0.8,2.5,0.32,1.5,2.5,0.584,0.533,0.3,0.4,0.806,0.2,1.1,1.3,2.3,0.6,0.2,0.8,1.4,5.6,,mitchda01
338,Payton Pritchard,25,BOS,PG,48,3,13.4,2.1,5.1,0.412,1.2,3.2,0.364,0.9,1.9,0.495,0.527,0.3,0.3,0.75,0.5,1.3,1.8,1.3,0.3,0,0.8,0.8,5.6,,pritcpa01
339,Derrick Rose,34,NYK,PG,27,0,12.5,2.3,5.9,0.384,0.7,2.3,0.302,1.6,3.6,0.438,0.443,0.4,0.4,0.917,0.3,1.2,1.5,1.7,0.3,0.2,0.8,0.7,5.6,,rosede01
340,Yuta Watanabe,28,BRK,SF,58,1,16,2,4,0.491,1,2.3,0.444,0.9,1.7,0.557,0.621,0.6,0.8,0.723,0.5,1.9,2.4,0.8,0.4,0.3,0.4,1.4,5.6,,watanyu01
341,Danny Green,35,2TM,SG,11,0,12.5,2,4.5,0.449,1.5,3.4,0.432,0.5,1.1,0.5,0.612,0.1,0.1,1,0.3,1,1.3,0.5,0.5,0.3,0.9,1.5,5.5,,greenda02
341,Danny Green,35,MEM,SG,3,0,14.3,1,3.7,0.273,1,2.7,0.375,0,1,0,0.409,0,0,,0.3,1,1.3,0.7,0.3,0,1,2,3,,greenda02
341,Danny Green,35,CLE,SG,8,0,11.9,2.4,4.8,0.5,1.6,3.6,0.448,0.8,1.1,0.667,0.671,0.1,0.1,1,0.3,1,1.3,0.5,0.6,0.4,0.9,1.3,6.5,,greenda02
342,Jarrell Brantley,26,UTA,PF,4,0,9.8,2,3.5,0.571,1,2.3,0.444,1,1.3,0.8,0.714,0.5,0.5,1,0.3,1.3,1.5,0.8,0,0.5,0.5,0.8,5.5,,brantja01
343,Wenyen Gabriel,25,LAL,C,68,2,15.1,2.3,3.8,0.596,0.1,0.5,0.278,2.1,3.3,0.647,0.615,0.8,1.2,0.619,1.7,2.5,4.2,0.5,0.4,0.5,0.7,2.1,5.5,,gabriwe01
344,Nikola Jović,19,MIA,PF,15,8,13.6,1.9,4.6,0.406,0.5,2.3,0.229,1.3,2.3,0.588,0.464,1.2,1.3,0.947,0.6,1.5,2.1,0.7,0.5,0.1,0.7,1.3,5.5,,jovicni01
345,Otto Porter Jr.,29,TOR,SF,8,2,18.3,1.9,3.8,0.5,0.8,2.1,0.353,1.1,1.6,0.692,0.6,1,1,1,0.8,1.6,2.4,1,1.4,0,0.5,0.9,5.5,,porteot01
346,Jamal Cain,23,MIA,PF,18,0,13.3,2.1,3.7,0.561,0.4,1.1,0.35,1.7,2.6,0.652,0.614,0.9,1.2,0.773,0.8,2.1,2.9,0.7,0.6,0.1,0.3,1.2,5.4,,cainja01
347,Bryce McGowens,20,CHO,SG,46,7,17.1,1.7,4.4,0.396,0.6,1.7,0.325,1.2,2.7,0.443,0.46,1.3,1.7,0.75,0.4,1.6,2,1.2,0.3,0.1,0.9,1,5.3,,mcgowbr01
348,Lamar Stevens,25,CLE,SF,62,25,18.1,2.1,4.6,0.448,0.5,1.5,0.316,1.6,3.1,0.513,0.5,0.6,0.9,0.702,0.8,2.6,3.3,0.5,0.4,0.3,0.4,1.3,5.3,,stevela01
349,Dewayne Dedmon,33,2TM,C,38,1,11.2,2,4,0.51,0.3,1,0.308,1.7,2.9,0.58,0.55,0.9,1.3,0.673,0.9,2.6,3.5,0.7,0.2,0.5,0.7,2,5.2,,dedmode01
349,Dewayne Dedmon,33,MIA,C,30,0,11.7,2.1,4.3,0.496,0.4,1.2,0.297,1.8,3.1,0.576,0.539,1.1,1.5,0.727,0.9,2.7,3.6,0.5,0.2,0.5,0.6,2,5.7,,dedmode01
349,Dewayne Dedmon,33,PHI,C,8,1,9.5,1.6,2.8,0.591,0.1,0.3,0.5,1.5,2.5,0.6,0.614,0.1,0.6,0.2,0.8,2.4,3.1,1.3,0.3,0.6,0.8,1.8,3.5,,dedmode01
350,Darius Bazley,22,2TM,C,43,1,14.3,1.9,4.3,0.454,0.5,1.2,0.377,1.5,3,0.485,0.508,0.9,1.6,0.543,0.8,2.4,3.2,0.9,0.5,0.8,0.6,1,5.2,,bazleda01
350,Darius Bazley,22,OKC,C,36,1,15.4,2,4.4,0.449,0.5,1.3,0.4,1.5,3.1,0.469,0.506,1,1.8,0.554,0.8,2.6,3.4,0.9,0.5,0.8,0.6,1,5.4,,bazleda01
350,Darius Bazley,22,PHO,C,7,0,8.7,1.7,3.6,0.48,0.3,1.1,0.25,1.4,2.4,0.588,0.52,0.3,0.7,0.4,0.7,1.6,2.3,0.9,0.4,0.7,0.7,1.3,4,,bazleda01
351,Rudy Gay,36,UTA,PF,56,0,14.6,1.9,5.1,0.38,0.6,2.3,0.254,1.4,2.8,0.484,0.437,0.8,0.9,0.857,0.6,2.3,2.9,1,0.3,0.3,0.7,1.2,5.2,,gayru01
352,Javonte Green,29,CHI,SF,32,1,15,1.9,3.4,0.565,0.4,1.1,0.371,1.5,2.3,0.658,0.625,0.9,1.4,0.667,0.8,1.9,2.8,0.7,0.8,0.7,0.6,1.6,5.2,,greenja02
353,Zeke Nnaji,22,DEN,PF,53,5,13.7,2.1,3.7,0.561,0.3,1.2,0.262,1.8,2.5,0.71,0.605,0.8,1.2,0.645,1.2,1.4,2.6,0.3,0.3,0.4,0.6,2,5.2,,nnajize01
354,Ricky Rubio,32,CLE,PG,33,2,17.2,1.8,5.4,0.343,0.6,2.5,0.256,1.2,2.9,0.417,0.402,0.8,1.1,0.8,0.3,1.8,2.1,3.5,0.8,0.2,0.9,1.5,5.2,,rubiori01
355,Lindy Waters III,25,OKC,SG,41,0,13,1.7,4.3,0.393,1.4,4,0.358,0.3,0.4,0.75,0.556,0.4,0.5,0.8,0.4,1.4,1.8,0.7,0.3,0.3,0.2,1,5.2,,waterli01
356,MarJon Beauchamp,22,MIL,SF,52,11,13.5,1.8,4.7,0.395,0.9,2.7,0.331,0.9,1.9,0.485,0.492,0.5,0.7,0.73,0.7,1.5,2.2,0.7,0.4,0.1,0.9,1.4,5.1,,beaucma01
357,DeAndre Jordan,34,DEN,C,39,8,15,2.3,2.9,0.765,0,0,1,2.2,2.9,0.763,0.77,0.6,1.2,0.458,1.3,3.8,5.2,0.9,0.3,0.6,1.2,1.8,5.1,,jordade01
358,John Konchar,26,MEM,SF,72,23,20.8,1.9,4.4,0.431,0.8,2.5,0.339,1.1,2,0.545,0.525,0.4,0.5,0.778,0.9,3.4,4.3,1.4,1.1,0.3,0.5,1.6,5.1,,konchjo01
359,George Hill,36,2TM,SG,46,1,18.1,1.7,3.6,0.47,0.7,2.1,0.358,1,1.5,0.62,0.572,0.9,1.2,0.764,0.3,1.5,1.8,2.4,0.6,0.1,0.7,1.2,5,,hillge01
359,George Hill,36,MIL,PG,35,0,19.1,1.7,3.8,0.447,0.7,2.1,0.311,1,1.7,0.621,0.534,1,1.3,0.739,0.4,1.5,1.9,2.5,0.5,0.1,0.8,1.2,5,,hillge01
359,George Hill,36,IND,SG,11,1,15.1,1.7,3.1,0.559,1,1.9,0.524,0.7,1.2,0.615,0.721,0.7,0.8,0.889,0.2,1.5,1.6,1.9,0.6,0.3,0.6,1.3,5.2,,hillge01
360,Vlatko Čančar,25,DEN,PF,60,9,14.8,1.8,3.8,0.476,0.7,1.9,0.374,1.1,1.9,0.58,0.57,0.6,0.7,0.927,0.4,1.7,2.1,1.3,0.4,0.2,0.6,1.4,5,,cancavl01
361,Isaiah Hartenstein,24,NYK,C,82,8,19.8,2.1,4,0.535,0.1,0.5,0.216,2,3.5,0.576,0.547,0.6,0.9,0.676,2.5,4,6.5,1.2,0.6,0.8,0.8,2.6,5,,harteis01
362,Jaxson Hayes,22,NOP,C,47,2,13,1.8,3.3,0.551,0.1,0.6,0.103,1.8,2.7,0.654,0.561,1.2,1.8,0.699,0.8,2,2.8,0.7,0.4,0.4,0.7,1.4,5,,hayesja02
363,Jonathan Isaac,25,ORL,PF,11,0,11.3,2,4.8,0.415,0.5,1.4,0.4,1.5,3.5,0.421,0.472,0.5,0.8,0.556,1.4,2.6,4,0.5,1.3,0.4,0.4,0.5,5,,isaacjo01
364,Derrick Jones Jr.,25,CHI,PF,64,0,14,1.8,3.6,0.5,0.4,1.3,0.338,1.4,2.3,0.587,0.559,1,1.3,0.738,0.9,1.5,2.4,0.5,0.5,0.6,0.4,1.3,5,,jonesde02
365,Kenneth Lofton Jr.,20,MEM,PF,24,1,7.3,2,3.9,0.527,0.3,0.7,0.353,1.8,3.2,0.566,0.559,0.7,1.1,0.593,0.8,1.3,2.1,0.8,0.2,0.1,0.5,1.2,5,,loftoke01
366,Cody Martin,27,CHO,SF,7,0,19.1,2,5.1,0.389,0.4,2,0.214,1.6,3.1,0.5,0.431,0.6,1,0.571,1.1,2.3,3.4,1.6,0.6,0.1,0.3,1.9,5,,martico01
367,Sam Merrill,26,CLE,SG,5,0,11.8,1.8,4.4,0.409,1,3.6,0.278,0.8,0.8,1,0.523,0.4,0.4,1,0,1.8,1.8,1,0.8,0,0,0.6,5,,merrisa01
368,Blake Wesley,19,SAS,SG,37,1,18.1,1.9,5.8,0.321,0.5,1.4,0.385,1.3,4.4,0.301,0.367,0.7,1.2,0.591,0.3,1.9,2.2,2.6,0.7,0.1,1.8,1.8,5,,weslebl01
369,Ousmane Dieng,19,OKC,PF,39,1,14.6,1.9,4.6,0.42,0.7,2.5,0.265,1.3,2.1,0.602,0.492,0.4,0.6,0.652,0.5,2.2,2.7,1.2,0.4,0.2,0.7,1.1,4.9,,diengou01
370,Chimezie Metu,25,SAC,PF,66,0,10.4,2,3.3,0.589,0.1,0.6,0.237,1.8,2.7,0.663,0.61,0.8,1.1,0.74,0.7,2.3,3,0.6,0.3,0.3,0.5,1.2,4.9,,metuch01
371,Austin Rivers,30,MIN,SG,52,10,19.5,1.8,4,0.435,0.8,2.4,0.35,0.9,1.7,0.558,0.538,0.6,0.8,0.769,0.1,1.5,1.6,1.4,0.5,0.1,0.4,1.5,4.9,,riverau01
372,Danuel House Jr.,29,PHI,SF,56,5,14.4,1.7,3.5,0.472,0.7,2,0.336,1,1.6,0.644,0.566,0.8,1.1,0.75,0.2,1.5,1.7,0.8,0.3,0.2,0.5,1.2,4.8,,houseda01
373,Johnny Juzang,21,UTA,SG,18,0,12.9,1.9,5.8,0.337,0.8,3.5,0.238,1.1,2.3,0.488,0.409,0.1,0.2,0.5,0.4,1.7,2.2,0.4,0.2,0.2,0.2,0.7,4.8,,juzanjo01
374,Meyers Leonard,30,MIL,C,9,2,12.7,1.6,3.2,0.483,0.8,2,0.389,0.8,1.2,0.636,0.603,0.9,1,0.889,1.3,2.4,3.8,0.1,0.2,0,0.7,1.8,4.8,,leoname01
375,Garrison Mathews,26,2TM,SG,54,0,12.7,1.4,3.7,0.363,1.2,3.3,0.35,0.2,0.4,0.476,0.52,0.9,1,0.906,0.2,1.1,1.4,0.5,0.4,0.1,0.4,1.1,4.8,,mathega01
375,Garrison Mathews,26,HOU,SG,45,0,13.4,1.3,3.8,0.353,1.2,3.4,0.342,0.2,0.3,0.467,0.509,0.9,1,0.911,0.2,1.2,1.4,0.5,0.5,0.1,0.4,1.2,4.8,,mathega01
375,Garrison Mathews,26,ATL,SG,9,0,9.3,1.4,3.4,0.419,1.1,2.8,0.4,0.3,0.7,0.5,0.581,0.8,0.9,0.875,0.1,1.1,1.2,0.3,0.1,0.1,0.1,0.7,4.8,,mathega01
376,Moses Moody,20,GSW,SG,63,3,13,1.7,3.6,0.476,0.8,2.1,0.363,0.9,1.5,0.641,0.584,0.6,0.8,0.698,0.4,1.2,1.7,0.8,0.3,0.1,0.5,0.9,4.8,,moodymo01
377,Christian Braun,21,DEN,SG,76,6,15.5,1.9,3.8,0.495,0.4,1.3,0.354,1.4,2.5,0.565,0.554,0.5,0.8,0.625,0.6,1.8,2.4,0.8,0.5,0.2,0.5,1.3,4.7,,braunch01
378,Keon Johnson,20,POR,SG,40,0,10.4,1.7,4.5,0.376,0.7,2,0.346,1,2.4,0.402,0.455,0.7,1,0.659,0.3,0.8,1.1,1.5,0.5,0.2,1.1,1.1,4.7,,johnske07
379,Chuma Okeke,24,ORL,SF,27,8,19.2,1.6,4.5,0.352,1,3.2,0.302,0.6,1.3,0.472,0.459,0.6,0.8,0.762,1,2.6,3.6,1.4,0.7,0.4,0.6,1.5,4.7,,okekech01
380,Day'Ron Sharpe,21,BRK,C,48,3,11.5,1.9,3.6,0.544,0.1,0.2,0.545,1.8,3.3,0.544,0.561,0.7,1.1,0.636,2.1,2.1,4.2,0.8,0.3,0.7,0.9,1.9,4.7,,sharpda01
381,Dean Wade,26,CLE,PF,44,13,20.3,1.7,4,0.412,1,2.9,0.354,0.6,1.1,0.56,0.54,0.3,0.5,0.652,0.5,3,3.4,0.8,0.6,0.5,0.4,2,4.7,,wadede01
382,TyTy Washington Jr.,21,HOU,PG,31,2,14,1.9,5.2,0.363,0.6,2.6,0.238,1.3,2.6,0.488,0.422,0.3,0.6,0.556,0.1,1.4,1.5,1.5,0.5,0.1,0.5,0.9,4.7,,washity02
383,Gary Payton II,30,2TM,SG,22,1,16.7,1.9,3.1,0.594,0.6,1.2,0.5,1.3,2,0.651,0.688,0.3,0.3,0.857,1.1,2,3.1,1.4,1,0.2,0.7,2,4.6,,paytoga02
383,Gary Payton II,30,POR,SG,15,1,17,1.6,2.7,0.585,0.6,1.1,0.529,1,1.6,0.625,0.695,0.3,0.3,1,0.7,1.9,2.6,1.5,1.1,0.1,0.8,1.9,4.1,,paytoga02
383,Gary Payton II,30,GSW,SG,7,0,16,2.4,4,0.607,0.6,1.3,0.444,1.9,2.7,0.684,0.679,0.3,0.4,0.667,2,2.3,4.3,1.1,0.9,0.6,0.6,2,5.7,,paytoga02
384,Dalano Banton,23,TOR,PG,31,2,9,1.8,4.2,0.423,0.5,1.6,0.294,1.3,2.5,0.506,0.481,0.5,0.8,0.708,0.4,1.1,1.5,1.2,0.4,0.4,0.6,1.1,4.6,,bantoda01
385,Dāvis Bertāns,30,DAL,PF,45,1,10.9,1.5,3.6,0.431,1.2,3.1,0.39,0.3,0.4,0.737,0.603,0.3,0.3,0.867,0.2,1,1.2,0.5,0.2,0.2,0.2,1.2,4.6,,bertada01
386,Malachi Flynn,24,TOR,PG,53,2,13,1.6,4.6,0.36,0.9,2.5,0.353,0.8,2.1,0.367,0.457,0.5,0.6,0.758,0.3,1.2,1.4,1.3,0.4,0.1,0.5,1.2,4.6,,flynnma01
387,Kira Lewis Jr.,21,NOP,PG,25,0,9.4,1.6,3.5,0.455,0.6,1.4,0.441,1,2.2,0.463,0.54,0.8,0.9,0.864,0.2,1.1,1.3,0.9,0.4,0.1,0.4,1,4.6,,lewiski01
388,Justin Holiday,33,2TM,SF,46,2,15.3,1.7,4.4,0.377,1,3.1,0.322,0.7,1.3,0.508,0.49,0.1,0.2,0.625,0.1,1.1,1.2,0.9,0.4,0.4,0.5,1.5,4.5,,holidju01
388,Justin Holiday,33,ATL,SF,28,0,14.7,1.7,4.5,0.384,1.1,3.1,0.345,0.6,1.4,0.474,0.504,0,0,,0.1,0.8,0.8,0.9,0.2,0.4,0.4,1.3,4.5,,holidju01
388,Justin Holiday,33,DAL,SF,18,2,16.4,1.6,4.4,0.367,0.9,3.1,0.286,0.7,1.3,0.565,0.468,0.3,0.4,0.625,0.2,1.6,1.8,0.9,0.8,0.5,0.6,1.7,4.4,,holidju01
389,Goga Bitadze,23,2TM,C,38,1,12,1.8,3.3,0.552,0.2,0.7,0.231,1.7,2.6,0.636,0.576,0.6,1.1,0.548,1.6,2,3.6,1,0.4,0.7,0.6,1.7,4.4,,bitadgo01
389,Goga Bitadze,23,IND,C,21,0,9.6,1.3,2.5,0.519,0.2,0.7,0.286,1.1,1.8,0.605,0.558,0.5,1.1,0.458,1.2,1.1,2.3,0.9,0.4,0.5,0.6,1.6,3.3,,bitadgo01
389,Goga Bitadze,23,ORL,C,17,1,15,2.5,4.3,0.575,0.1,0.7,0.167,2.4,3.6,0.656,0.589,0.7,1.1,0.667,2.1,3.1,5.2,1.2,0.4,0.9,0.6,1.8,5.8,,bitadgo01
390,Jarrett Culver,23,ATL,SF,10,1,13.7,1.7,4.3,0.395,0.1,1.2,0.083,1.6,3.1,0.516,0.407,0.9,1.3,0.692,1,2.8,3.8,0.6,0.6,0.2,0.7,1.4,4.4,,culveja01
391,A.J. Green,23,MIL,SG,35,1,9.9,1.5,3.6,0.424,1.3,3,0.419,0.3,0.6,0.45,0.6,0.1,0.1,1,0.2,1.1,1.3,0.6,0.2,0,0.3,0.9,4.4,,greenaj01
392,Haywood Highsmith,26,MIA,PF,54,11,17.9,1.7,4,0.431,0.7,2,0.339,1,2,0.523,0.516,0.2,0.5,0.464,1.1,2.4,3.5,0.8,0.7,0.3,0.8,1.5,4.4,,highsha01
393,JaVale McGee,35,DAL,C,42,7,8.5,1.9,3,0.64,0,0.1,0.4,1.9,2.9,0.65,0.648,0.6,1,0.585,0.7,1.8,2.5,0.3,0.1,0.6,0.9,1.3,4.4,,mcgeeja01
394,Thaddeus Young,34,TOR,PF,54,9,14.7,2,3.7,0.545,0.1,0.6,0.176,1.9,3,0.622,0.561,0.3,0.5,0.692,1.3,1.8,3.1,1.4,1,0.1,0.8,1.6,4.4,,youngth01
395,Omer Yurtseven,24,MIA,C,9,0,9.2,1.8,3,0.593,0.3,0.8,0.429,1.4,2.2,0.65,0.648,0.6,0.7,0.833,0.9,1.7,2.6,0.2,0.2,0.2,0.4,1.8,4.4,,yurtsom01
396,Moses Brown,23,2TM,C,36,1,8.2,1.7,2.7,0.635,0,0,,1.7,2.7,0.635,0.635,0.9,2,0.458,1.6,2.3,3.9,0.1,0.1,0.4,0.4,1.1,4.3,,brownmo01
396,Moses Brown,23,LAC,C,34,1,8.5,1.8,2.8,0.635,0,0,,1.8,2.8,0.635,0.635,1,2.1,0.458,1.7,2.4,4.1,0.1,0.1,0.4,0.4,1.1,4.6,,brownmo01
396,Moses Brown,23,BRK,C,2,0,3,0,0,,0,0,,0,0,,,0,0,,0,0,0,0,0.5,0,0.5,0.5,0,,brownmo01
397,Bismack Biyombo,30,PHO,C,61,14,14.3,2,3.4,0.578,0,0,,2,3.4,0.578,0.578,0.4,1.1,0.357,1.5,2.8,4.3,0.9,0.3,1.4,0.8,1.9,4.3,,biyombi01
398,Michael Carter-Williams,31,ORL,PG,4,0,11,1.5,3.5,0.429,0.3,0.8,0.333,1.3,2.8,0.455,0.464,1,1.8,0.571,0.3,1,1.3,1.8,0.3,0.3,1,1.3,4.3,,cartemi01
399,Justin Minaya,23,POR,SF,4,0,22.3,1.8,5.8,0.304,0.8,3,0.25,1,2.8,0.364,0.37,0,0.3,0,0.8,3,3.8,1,0.5,1.3,1,2.3,4.3,,minayju01
400,Xavier Sneed,25,CHO,SF,4,0,12,1.3,2.5,0.5,0.8,1.5,0.5,0.5,1,0.5,0.65,1,1,1,0,1.3,1.3,1.3,0,0.3,0.8,1.8,4.3,,sneedxa01
401,Paul Reed,23,PHI,C,69,2,10.9,1.8,3,0.593,0,0.1,0.167,1.8,2.9,0.606,0.596,0.6,0.7,0.745,1.6,2.2,3.8,0.4,0.7,0.7,0.7,1.8,4.2,,reedpa01
402,Admiral Schofield,25,ORL,PF,37,0,12.2,1.5,3.3,0.451,0.6,2,0.324,0.8,1.3,0.646,0.549,0.6,0.6,0.913,0.6,1.1,1.7,0.8,0.2,0.1,0.4,1.6,4.2,,schofad01
403,Ish Wainright,28,PHO,SF,60,2,15.3,1.4,3.8,0.37,1,2.9,0.329,0.5,0.9,0.5,0.496,0.4,0.5,0.839,0.8,1.6,2.3,0.9,0.6,0.4,0.4,2,4.2,,wainris01
404,McKinley Wright IV,24,DAL,PG,27,1,12.4,1.7,3.6,0.469,0.3,1,0.321,1.4,2.6,0.529,0.515,0.5,0.7,0.684,0.3,1.4,1.7,2.1,0.3,0.2,0.7,0.9,4.2,,wrighmc01
405,Matisse Thybulle,25,2TM,SF,71,28,16.9,1.5,3.6,0.435,0.8,2.1,0.365,0.8,1.5,0.533,0.542,0.3,0.4,0.679,0.6,1.4,2,0.7,1.2,0.5,0.3,1.6,4.1,,thybuma01
405,Matisse Thybulle,25,PHI,SF,49,6,12.1,1,2.4,0.431,0.4,1.3,0.333,0.6,1.1,0.547,0.522,0.2,0.2,0.75,0.4,0.9,1.3,0.5,0.9,0.3,0.2,1.3,2.7,,thybuma01
405,Matisse Thybulle,25,POR,SG,22,22,27.7,2.7,6.2,0.438,1.5,3.9,0.388,1.2,2.4,0.519,0.558,0.5,0.7,0.625,0.9,2.6,3.5,1.4,1.7,0.8,0.7,2.2,7.4,,thybuma01
406,Blake Griffin,33,BOS,C,41,16,13.9,1.5,3.2,0.485,0.6,1.6,0.348,1,1.6,0.625,0.573,0.5,0.8,0.656,1.1,2.6,3.8,1.5,0.3,0.2,0.5,1.8,4.1,,griffbl01
407,Kevon Harris,25,ORL,SG,34,0,13.4,1.4,3.1,0.439,0.5,1.3,0.372,0.9,1.9,0.484,0.514,0.9,1.2,0.756,0.8,1.2,2.1,0.5,0.5,0.1,0.6,1.6,4.1,,harrike01
408,Serge Ibaka,33,MIL,C,16,0,11.6,1.6,3.4,0.481,0.4,1.1,0.333,1.3,2.3,0.556,0.537,0.5,0.8,0.615,0.9,1.8,2.8,0.3,0.1,0.4,0.7,1.4,4.1,,ibakase01
409,Isaiah Roby,24,SAS,PF,42,2,11.3,1.6,3.7,0.432,0.4,1.4,0.3,1.2,2.3,0.516,0.49,0.5,1,0.488,0.5,2,2.5,0.9,0.4,0.2,0.7,1.3,4.1,,robyis01
410,Daishen Nix,20,HOU,PG,57,7,16,1.4,4.2,0.342,0.7,2.5,0.286,0.7,1.7,0.423,0.426,0.4,0.6,0.667,0.3,1.4,1.7,2.3,0.5,0.1,1.5,1,4,,nixda01
411,Olivier Sarr,23,OKC,C,9,1,12.7,1.7,3.3,0.5,0.1,0.9,0.125,1.6,2.4,0.636,0.517,0.6,0.8,0.714,1.3,2.1,3.4,0.4,0.1,0.6,0.4,1.9,4,,sarrol01
412,Bruno Fernando,24,2TM,C,39,4,10.4,1.5,2.9,0.527,0,0.1,0,1.5,2.8,0.546,0.527,0.9,1.3,0.7,1.4,2.1,3.5,0.8,0.2,0.9,0.6,1.9,3.9,,fernabr01
412,Bruno Fernando,24,HOU,C,31,4,11.7,1.5,3,0.516,0,0,0,1.5,3,0.522,0.516,1,1.4,0.682,1.5,2.4,3.9,1,0.2,1,0.6,2.2,4.1,,fernabr01
412,Bruno Fernando,24,ATL,C,8,0,5.1,1.4,2.4,0.579,0,0.4,0,1.4,2,0.688,0.579,0.6,0.8,0.833,0.8,1.1,1.9,0.1,0,0.4,0.6,0.8,3.4,,fernabr01
413,Patrick Baldwin Jr.,20,GSW,SF,31,0,7.3,1.4,3.5,0.394,1,2.7,0.381,0.4,0.8,0.44,0.541,0.1,0.2,0.667,0,1.3,1.3,0.4,0.2,0.1,0.4,0.5,3.9,,baldwpa01
414,Dominick Barlow,19,SAS,PF,28,0,14.6,1.6,3.1,0.535,0,0.1,0,1.6,2.9,0.561,0.535,0.6,0.9,0.72,1.6,2,3.6,0.9,0.4,0.7,0.5,2,3.9,,barlodo01
415,Gorgui Dieng,33,SAS,C,31,1,11.5,1.5,3.8,0.385,0.7,2.4,0.28,0.8,1.4,0.571,0.474,0.3,0.4,0.769,0.9,2.6,3.5,1.7,0.1,0.5,1,1.8,3.9,,dienggo01
416,Udonis Haslem,42,MIA,C,7,1,10.1,1.4,4.1,0.345,0.4,1.3,0.333,1,2.9,0.35,0.397,0.6,0.7,0.8,0.6,1,1.6,0,0.1,0.3,0.1,1.6,3.9,,hasleud01
417,Aaron Holiday,26,ATL,PG,63,6,13.4,1.5,3.5,0.418,0.6,1.4,0.409,0.9,2.1,0.424,0.5,0.4,0.5,0.844,0.4,0.8,1.2,1.4,0.6,0.2,0.6,1.3,3.9,,holidaa01
418,Jabari Walker,20,POR,SF,56,0,11.1,1.5,3.5,0.419,0.3,1,0.286,1.2,2.5,0.472,0.46,0.6,0.8,0.756,0.9,1.5,2.3,0.6,0.2,0.2,0.5,1.2,3.9,,walkeja01
419,Markieff Morris,33,2TM,PF,35,2,10.1,1.3,3.3,0.409,0.8,2,0.394,0.5,1.3,0.432,0.53,0.3,0.3,1,0.4,1.7,2,0.9,0.3,0.1,0.5,1.4,3.8,,morrima02
419,Markieff Morris,33,BRK,PF,27,1,10.6,1.2,3,0.402,0.7,1.8,0.408,0.5,1.2,0.394,0.524,0.4,0.4,1,0.5,1.7,2.2,0.9,0.3,0.2,0.5,1.2,3.6,,morrima02
419,Markieff Morris,33,DAL,PF,8,1,8.8,1.8,4.1,0.424,1,2.8,0.364,0.8,1.4,0.545,0.545,0,0,,0,1.5,1.5,0.8,0.1,0,0.5,1.9,4.5,,morrima02
420,Xavier Cooks,27,WAS,PF,10,1,12.6,1.7,2.8,0.607,0,0.1,0,1.7,2.7,0.63,0.607,0.4,1,0.4,1.6,2.2,3.8,0.6,0.6,0.4,0.8,1.3,3.8,,cooksxa01
421,Dyson Daniels,19,NOP,PG,59,11,17.7,1.5,3.5,0.418,0.5,1.5,0.314,1,2.1,0.492,0.483,0.4,0.7,0.65,0.6,2.6,3.2,2.3,0.7,0.2,1,1.7,3.8,,daniedy01
422,Darius Days,23,HOU,SF,4,0,6.3,1.3,3,0.417,0.8,2.5,0.3,0.5,0.5,1,0.542,0.5,0.5,1,0.3,1.3,1.5,0.3,0,0.3,0,0.5,3.8,,daysda01
423,Caleb Houstan,20,ORL,SF,51,4,15.9,1.3,3.6,0.363,0.9,2.7,0.338,0.4,0.9,0.435,0.489,0.3,0.4,0.833,0.7,1.3,1.9,0.6,0.2,0.1,0.4,1.2,3.8,,houstca01
424,Furkan Korkmaz,25,PHI,SG,37,0,9.5,1.3,3,0.432,0.5,1.2,0.391,0.8,1.8,0.462,0.514,0.7,1,0.722,0.2,1,1.1,0.6,0.3,0.1,0.6,0.5,3.8,,korkmfu01
425,Luke Kornet,27,BOS,C,69,0,11.7,1.6,2.5,0.665,0,0.2,0.231,1.6,2.3,0.701,0.674,0.5,0.6,0.821,1.2,1.6,2.9,0.8,0.2,0.7,0.4,1.2,3.8,,kornelu01
426,JT Thor,20,CHO,PF,69,8,14,1.4,3.4,0.399,0.6,1.8,0.317,0.8,1.7,0.487,0.481,0.5,0.7,0.702,0.5,1.7,2.2,0.5,0.3,0.3,0.6,1,3.8,,thorjt01
427,A.J. Lawson,22,2TM,SG,15,0,7.2,1.5,2.9,0.5,0.7,1.7,0.4,0.8,1.3,0.632,0.614,0.1,0.5,0.25,0.4,1,1.4,0.1,0.1,0,0.2,0.7,3.7,,lawsoaj01
427,A.J. Lawson,22,MIN,SG,1,0,2,1,1,1,0,0,,1,1,1,1,0,0,,0,1,1,0,0,0,0,1,2,,lawsoaj01
427,A.J. Lawson,22,DAL,SG,14,0,7.6,1.5,3.1,0.488,0.7,1.8,0.4,0.8,1.3,0.611,0.605,0.1,0.6,0.25,0.4,1,1.4,0.1,0.1,0,0.2,0.7,3.9,,lawsoaj01
428,David Duke Jr.,23,BRK,SG,23,0,9.9,1.6,3.4,0.462,0,0.5,0.083,1.5,2.9,0.53,0.468,0.5,0.7,0.706,0.5,0.8,1.3,0.9,0.4,0,0.8,1.3,3.7,,dukeda01
429,Nathan Knight,25,MIN,C,38,0,7.7,1.2,2.1,0.568,0.2,0.6,0.364,1,1.6,0.644,0.617,1,1.5,0.684,0.6,0.9,1.5,0.3,0.3,0.2,0.6,1.1,3.7,,knighna01
430,Jordan McLaughlin,26,MIN,PG,43,0,15.8,1.4,3.4,0.421,0.6,1.8,0.308,0.9,1.6,0.552,0.503,0.3,0.4,0.833,0.3,1.1,1.4,3.4,0.7,0.1,0.8,0.7,3.7,,mclaujo01
431,Orlando Robinson,22,MIA,C,31,1,13.7,1.5,2.9,0.528,0,0.2,0,1.5,2.7,0.566,0.528,0.7,1,0.71,1.5,2.5,4.1,0.8,0.4,0.4,0.5,1.7,3.7,,robinor01
432,Matt Ryan,25,2TM,SF,34,0,9.1,1.2,3.2,0.37,0.9,2.5,0.381,0.2,0.7,0.333,0.519,0.3,0.4,0.833,0.1,0.6,0.8,0.5,0.1,0,0.2,0.8,3.6,,ryanma01
432,Matt Ryan,25,LAL,SF,12,0,10.8,1.3,4.1,0.306,1.1,2.9,0.371,0.2,1.2,0.143,0.439,0.3,0.4,0.8,0.2,1,1.2,0.3,0.2,0,0.3,1.2,3.9,,ryanma01
432,Matt Ryan,25,MIN,SF,22,0,8.2,1.1,2.7,0.424,0.9,2.2,0.388,0.3,0.5,0.6,0.585,0.3,0.3,0.857,0.1,0.5,0.5,0.5,0.1,0,0.2,0.6,3.4,,ryanma01
433,Bryn Forbes,29,MIN,SG,25,0,10.7,1.2,3.3,0.361,0.6,1.8,0.304,0.6,1.5,0.432,0.446,0.6,0.6,1,0.2,0.4,0.6,0.7,0.3,0.1,0.5,0.9,3.6,,forbebr01
434,Damian Jones,27,2TM,C,41,1,11.6,1.3,2.1,0.64,0.2,0.4,0.588,1.1,1.7,0.652,0.698,0.5,0.7,0.759,1,2,3,0.4,0.2,0.5,0.6,1.3,3.5,,jonesda03
434,Damian Jones,27,LAL,C,22,1,8,0.9,1.7,0.541,0,0.1,0,0.9,1.5,0.588,0.541,0.7,0.9,0.75,0.8,1.7,2.5,0.2,0.1,0.5,0.4,0.8,2.5,,jonesda03
434,Damian Jones,27,UTA,C,19,0,15.8,1.8,2.6,0.714,0.5,0.7,0.714,1.3,1.8,0.714,0.816,0.4,0.5,0.778,1.3,2.3,3.5,0.6,0.3,0.5,0.7,2,4.6,,jonesda03
435,Udoka Azubuike,23,UTA,C,36,4,10,1.6,2,0.819,0,0,,1.6,2,0.819,0.819,0.2,0.6,0.35,0.9,2.4,3.3,0.3,0.2,0.4,0.5,0.9,3.5,,azubuud01
436,Miles McBride,22,NYK,PG,64,2,11.9,1.2,3.4,0.358,0.6,2.1,0.299,0.6,1.3,0.457,0.451,0.4,0.7,0.667,0.2,0.6,0.8,1.1,0.6,0.1,0.4,0.9,3.5,,mcbrimi01
437,P.J. Tucker,37,PHI,PF,75,75,25.6,1.3,3,0.427,0.7,1.9,0.393,0.5,1.1,0.482,0.549,0.3,0.3,0.826,1.3,2.7,3.9,0.8,0.5,0.2,0.6,2.4,3.5,,tuckepj01
438,Amir Coffey,25,LAC,SF,50,9,12.5,1.1,2.9,0.386,0.2,0.8,0.275,0.9,2.1,0.429,0.424,1,1.3,0.778,0.3,0.7,1.1,1.1,0.1,0.1,0.4,1,3.4,,coffeam01
439,Taj Gibson,37,WAS,C,49,2,9.8,1.3,2.6,0.52,0.2,0.5,0.333,1.2,2.1,0.564,0.552,0.6,0.9,0.714,0.7,1.2,1.9,0.7,0.3,0.2,0.5,1.7,3.4,,gibsota01
440,Kai Jones,22,CHO,C,46,0,12,1.5,2.6,0.558,0.1,0.4,0.211,1.4,2.2,0.624,0.575,0.4,0.6,0.731,0.8,1.9,2.7,0.3,0.4,0.7,0.7,1.4,3.4,,joneska01
441,Wesley Matthews,36,MIL,SF,52,0,15.8,1.1,3.1,0.363,0.8,2.4,0.315,0.4,0.7,0.528,0.484,0.5,0.5,0.857,0.7,1.5,2.2,0.7,0.4,0.3,0.3,1.4,3.4,,matthwe02
442,Micah Potter,24,UTA,PF,7,0,7.4,1.4,2.1,0.667,0.6,1,0.571,0.9,1.1,0.75,0.8,0,0,,0.4,1.9,2.3,0.6,0.1,0,0.3,0.7,3.4,,pottemi01
443,Jericho Sims,24,NYK,C,52,16,15.6,1.6,2.1,0.776,0,0,0,1.6,2,0.783,0.776,0.2,0.3,0.75,1.9,2.8,4.7,0.5,0.3,0.5,0.5,1.8,3.4,,simsje01
444,Anthony Gill,30,WAS,PF,59,8,10.6,1.2,2.2,0.538,0.1,0.5,0.138,1.1,1.7,0.65,0.553,0.8,1.1,0.731,0.6,1.1,1.7,0.6,0.1,0.2,0.3,1.2,3.3,,gillan01
445,Boban Marjanović,34,HOU,C,31,0,5.5,1.3,1.9,0.683,0,0,0,1.3,1.9,0.695,0.683,0.6,0.9,0.741,0.6,1.3,1.9,0.3,0.2,0.1,0.5,0.3,3.3,,marjabo01
446,Raul Neto,30,CLE,PG,48,1,10.5,1.2,2.3,0.518,0.3,0.9,0.286,0.9,1.4,0.662,0.573,0.6,0.7,0.912,0.2,0.8,1,1.6,0.4,0.1,0.5,1,3.3,,netora01
447,Peyton Watson,20,DEN,SG,23,2,8.1,1.3,2.6,0.492,0.3,0.6,0.429,1,2,0.511,0.542,0.5,0.9,0.55,0.3,1.3,1.6,0.5,0.1,0.5,0.3,0.6,3.3,,watsope01
448,Jared Rhoden,23,DET,SG,14,0,14.1,1.2,3.1,0.386,0.4,1.4,0.25,0.9,1.7,0.5,0.443,0.4,0.4,1,0.8,1.9,2.6,0.3,0.3,0.1,0.2,1.6,3.2,,rhodeja01
449,Max Christie,19,LAL,SG,41,3,12.5,1.1,2.6,0.415,0.6,1.5,0.419,0.4,1.1,0.409,0.538,0.3,0.4,0.875,0.2,1.7,1.8,0.5,0.2,0.2,0.3,0.8,3.1,,chrisma02
450,Jordan Hall,21,SAS,SF,9,0,9.2,1,3.1,0.321,0.3,1.7,0.2,0.7,1.4,0.462,0.375,0.8,1,0.778,0.3,1,1.3,1.2,0.1,0,0.8,0.7,3.1,,halljo02
451,Richaun Holmes,29,SAC,C,42,1,8.3,1.3,2.1,0.618,0.1,0.2,0.625,1.2,1.9,0.617,0.646,0.4,0.5,0.789,0.7,1.2,1.9,0.2,0.1,0.3,0.3,1.2,3.1,,holmeri01
452,Christian Koloko,22,TOR,C,58,19,13.8,1.2,2.6,0.48,0,0.2,0.083,1.2,2.4,0.514,0.483,0.6,1,0.627,1.4,1.5,2.9,0.5,0.4,1,0.3,2.2,3.1,,kolokch01
453,Josh Minott,20,MIN,SF,15,0,6.4,1.2,2.4,0.5,0.1,0.4,0.333,1.1,2,0.533,0.528,0.5,0.5,1,0.3,1.3,1.7,0.3,0.3,0.4,0.2,0.7,3.1,,minotjo01
454,Jamaree Bouyea,23,2TM,PG,5,0,14.2,1.2,2.8,0.429,0.4,1.2,0.333,0.8,1.6,0.5,0.5,0.2,0.4,0.5,0.2,1,1.2,0.8,0.8,0.4,0.8,1.2,3,,bouyeja01
454,Jamaree Bouyea,23,MIA,PG,4,0,16.3,1.5,3.3,0.462,0.5,1.3,0.4,1,2,0.5,0.538,0.3,0.5,0.5,0.3,1,1.3,1,1,0.5,1,1.3,3.8,,bouyeja01
454,Jamaree Bouyea,23,WAS,PG,1,0,6,0,1,0,0,1,0,0,0,,0,0,0,,0,1,1,0,0,0,0,1,0,,bouyeja01
455,Juan Toscano-Anderson,29,2TM,SF,52,9,13.5,1.2,2.8,0.448,0.2,0.8,0.186,1.1,1.9,0.56,0.476,0.4,0.5,0.792,0.5,1.8,2.4,1.3,0.3,0.2,0.7,1.5,3,,toscaju01
455,Juan Toscano-Anderson,29,LAL,SF,30,7,12.2,1.1,2.2,0.5,0.1,0.7,0.2,1,1.5,0.63,0.53,0.4,0.5,0.733,0.5,1.6,2,0.8,0.3,0.2,0.6,1.5,2.7,,toscaju01
455,Juan Toscano-Anderson,29,UTA,SF,22,2,15.2,1.4,3.5,0.403,0.2,1,0.174,1.2,2.5,0.5,0.429,0.4,0.4,0.889,0.6,2.2,2.9,1.8,0.3,0.1,0.8,1.5,3.4,,toscaju01
456,Tyler Dorsey,26,DAL,SF,3,0,2.7,1.3,1.7,0.8,0.3,0.7,0.5,1,1,1,0.9,0,0,,0.3,0.3,0.7,0,0,0,0,0,3,,dorsety01
457,Usman Garuba,20,HOU,C,75,1,12.9,1.1,2.4,0.486,0.3,0.8,0.407,0.8,1.6,0.525,0.554,0.4,0.6,0.617,1.6,2.5,4.1,0.9,0.6,0.4,0.6,1.8,3,,garubus01
458,Jacob Gilyard,24,MEM,PG,1,0,41,1,3,0.333,1,3,0.333,0,0,,0.5,0,0,,0,4,4,7,3,0,2,3,3,,gilyaja01
459,Jake LaRavia,21,MEM,PF,35,0,11.8,1.1,2.7,0.389,0.7,2,0.338,0.4,0.7,0.542,0.516,0.2,0.3,0.778,0.5,1.3,1.8,0.6,0.3,0.1,0.5,1.4,3,,laravja01
460,Robin Lopez,34,CLE,C,37,2,8.1,1.3,2,0.64,0.1,0.1,0.5,1.2,1.9,0.648,0.653,0.4,0.5,0.778,0.6,0.8,1.4,0.5,0.1,0.2,0.7,1.2,3,,lopezro01
461,Trevelin Queen,25,IND,SG,7,0,10,1,4.1,0.241,0.3,2.1,0.133,0.7,2,0.357,0.276,0.7,0.7,1,1.1,1.3,2.4,0.9,0.3,0.7,1,0.6,3,,queentr01
462,Terry Taylor,23,2TM,PF,31,2,8.5,1.3,2.4,0.52,0.2,0.6,0.263,1.1,1.8,0.607,0.553,0.2,0.4,0.545,0.9,0.6,1.5,0.3,0.1,0.2,0.3,0.8,2.9,,taylote01
462,Terry Taylor,23,IND,PF,26,2,8.8,1.2,2.5,0.462,0.2,0.7,0.222,1,1.8,0.553,0.492,0.2,0.3,0.714,0.8,0.7,1.5,0.4,0.1,0.2,0.3,0.9,2.7,,taylote01
462,Terry Taylor,23,CHI,PF,5,0,7.2,1.8,2,0.9,0.2,0.2,1,1.6,1.8,0.889,0.95,0.2,0.8,0.25,1,0.6,1.6,0,0,0.2,0,0.4,4,,taylote01
463,Dru Smith,25,2TM,SG,15,1,10.5,1.2,3,0.4,0.3,1.3,0.263,0.9,1.7,0.5,0.456,0.2,0.2,1,0.1,1.5,1.6,1.5,0.7,0.3,0.2,1.5,2.9,,smithdr01
463,Dru Smith,25,MIA,SG,5,1,13.4,1,2.8,0.357,0.2,1.2,0.167,0.8,1.6,0.5,0.393,0,0,,0.2,1.6,1.8,1,0.8,0.6,0.2,2,2.2,,smithdr01
463,Dru Smith,25,BRK,SG,10,0,9.1,1.3,3.1,0.419,0.4,1.3,0.308,0.9,1.8,0.5,0.484,0.3,0.3,1,0.1,1.4,1.5,1.7,0.6,0.1,0.2,1.3,3.3,,smithdr01
464,Juancho Hernangómez,27,TOR,PF,42,10,14.6,1.1,2.7,0.421,0.4,1.6,0.254,0.7,1.1,0.66,0.496,0.2,0.4,0.563,0.6,2.3,2.9,0.6,0.4,0.1,0.4,1,2.9,,hernaju01
465,Carlik Jones,25,CHI,PG,7,0,8,0.9,2.1,0.4,0.4,0.9,0.5,0.4,1.3,0.333,0.5,0.7,1.1,0.625,0.1,0.6,0.7,0.9,0.3,0,0.3,0.3,2.9,,jonesca03
466,Frank Ntilikina,24,DAL,SG,47,5,12.9,1,2.8,0.364,0.4,1.4,0.254,0.7,1.4,0.477,0.428,0.5,0.7,0.667,0.1,1.2,1.3,1.2,0.3,0.1,0.6,1.4,2.9,,ntilila01
467,Jason Preston,23,LAC,PG,14,0,8.9,1.3,2.9,0.439,0.4,1.3,0.278,0.9,1.6,0.565,0.5,0,0.1,0,0.1,1.4,1.6,1.9,0.1,0,0.7,0.5,2.9,,prestja01
468,Kessler Edwards,22,2TM,SF,36,4,10.7,1,2.6,0.387,0.5,1.5,0.309,0.5,1.1,0.5,0.478,0.3,0.4,0.733,0.6,1.1,1.7,0.6,0.4,0.2,0.4,1.1,2.8,,edwarke02
468,Kessler Edwards,22,BRK,SF,14,1,5.6,0.4,1.7,0.25,0.1,0.9,0.167,0.3,0.9,0.333,0.292,0.1,0.1,0.5,0.4,0.6,1,0.1,0.2,0.1,0.3,0.2,1.1,,edwarke02
468,Kessler Edwards,22,SAC,SF,22,3,13.9,1.4,3.1,0.435,0.7,2,0.349,0.7,1.2,0.577,0.543,0.5,0.6,0.769,0.8,1.4,2.1,1,0.5,0.2,0.4,1.7,3.9,,edwarke02
469,James Johnson,35,IND,PF,18,1,9,1.2,2.7,0.449,0.2,0.8,0.2,1.1,1.9,0.559,0.48,0.2,0.4,0.5,0.2,1.4,1.7,0.8,0.4,0.3,0.4,1.8,2.8,,johnsja01
470,Moussa Diabaté,21,LAC,C,22,1,8.9,1.1,2.1,0.511,0,0.1,0.5,1,2,0.511,0.521,0.5,0.7,0.625,1.4,0.9,2.3,0.2,0.3,0.4,0.4,0.7,2.7,,diabamo01
471,Mamadi Diakite,26,CLE,C,22,2,8,1.1,2.3,0.48,0.3,1,0.333,0.8,1.3,0.586,0.55,0.1,0.1,1,0.4,1,1.4,0.4,0.2,0.4,0.5,1.2,2.6,,diakima01
472,Isaiah Mobley,23,CLE,PF,12,0,7,1,2.3,0.429,0.3,0.7,0.375,0.8,1.7,0.45,0.482,0.3,0.3,1,0.3,1.3,1.7,0.3,0.3,0.3,0.1,0.7,2.6,,mobleis01
473,Jaden Springer,20,PHI,SG,16,2,5.6,1.1,2.2,0.486,0.1,0.3,0.4,0.9,1.9,0.5,0.514,0.4,0.5,0.75,0.4,0.5,0.9,0.5,0.4,0.2,0.2,0.9,2.6,,sprinja01
474,Frank Kaminsky,29,2TM,C,36,0,6.5,0.9,1.8,0.492,0.4,0.9,0.394,0.5,0.8,0.6,0.595,0.4,0.4,0.875,0.2,1.3,1.4,0.9,0.2,0.1,0.3,0.6,2.5,,kaminfr01
474,Frank Kaminsky,29,ATL,C,26,0,6.8,1,1.7,0.568,0.4,0.9,0.478,0.5,0.8,0.667,0.693,0.4,0.5,0.833,0.1,1.3,1.4,0.8,0.2,0,0.3,0.8,2.7,,kaminfr01
474,Frank Kaminsky,29,HOU,C,10,0,5.9,0.6,1.9,0.316,0.2,1,0.2,0.4,0.9,0.444,0.368,0.4,0.4,1,0.4,1.2,1.6,1.1,0.1,0.3,0,0.1,1.8,,kaminfr01
475,Lester Quiñones,22,GSW,SG,4,0,4.5,0.5,1.3,0.4,0.5,1,0.5,0,0.3,0,0.6,1,1.5,0.667,0.3,0.5,0.8,0.5,0.3,0,1.3,0,2.5,,quinole01
476,Ish Smith,34,DEN,PG,43,0,9.3,1.2,3,0.397,0,0.3,0.167,1.2,2.8,0.42,0.405,0,0.1,0.5,0.1,1.1,1.3,2.3,0.2,0.2,1,0.8,2.5,,smithis01
477,John Butler,20,POR,C,19,1,11.6,0.9,2.8,0.321,0.4,1.8,0.229,0.5,0.9,0.5,0.396,0.2,0.2,0.75,0.2,0.7,0.9,0.6,0.4,0.5,0.1,1.2,2.4,,butlejo01
478,Jeff Dowtin,25,TOR,PG,25,0,10.4,1,2.3,0.439,0.2,0.6,0.313,0.8,1.6,0.488,0.482,0.2,0.4,0.667,0.2,0.7,0.9,1.2,0.4,0.1,0.2,0.5,2.4,,dowtije01
479,Theo Pinson,27,DAL,SG,40,1,8.1,0.8,2.2,0.356,0.6,1.6,0.355,0.2,0.6,0.36,0.483,0.3,0.3,0.846,0.3,1.3,1.6,1.2,0.2,0,0.3,0.9,2.4,,pinsoth01
480,Neemias Queta,23,SAC,C,5,0,5.8,1.2,1.8,0.667,0,0,,1.2,1.8,0.667,0.667,0,0.4,0,1,1.2,2.2,0.2,0,0.4,0.2,1.4,2.4,,quetane01
481,Trent Forrest,24,ATL,SG,23,3,12,1.1,2.6,0.417,0,0.1,0,1.1,2.5,0.431,0.417,0.1,0.1,0.667,0.2,1.4,1.6,1.7,0.3,0.1,0.7,0.7,2.3,,forretr01
482,Scotty Pippen Jr.,22,LAL,PG,6,0,5.3,0.7,2,0.333,0.2,0.5,0.333,0.5,1.5,0.333,0.375,0.8,1.5,0.556,0.3,0.3,0.7,0.3,0.3,0.2,0.3,0.5,2.3,,pippesc02
483,Justin Champagnie,21,2TM,SF,5,0,6.8,1,3,0.333,0.2,1,0.2,0.8,2,0.4,0.367,0,0,,0.6,1,1.6,0.8,0.2,0,0,0.4,2.2,,champju01
483,Justin Champagnie,21,TOR,SF,3,0,3.7,1,1,1,0,0,,1,1,1,1,0,0,,0.3,1,1.3,0.3,0,0,0,0.3,2,,champju01
483,Justin Champagnie,21,BOS,SF,2,0,11.5,1,6,0.167,0.5,2.5,0.2,0.5,3.5,0.143,0.208,0,0,,1,1,2,1.5,0.5,0,0,0.5,2.5,,champju01
484,Khem Birch,30,TOR,C,20,0,8.1,1,1.6,0.594,0.1,0.1,0.5,0.9,1.5,0.6,0.609,0.2,0.3,0.8,0.4,0.9,1.3,0.4,0.3,0.3,0.4,1.2,2.2,,birchkh01
485,Kennedy Chandler,20,MEM,PG,36,0,7.8,1,2.3,0.422,0.1,0.4,0.133,0.9,1.9,0.485,0.434,0.2,0.4,0.462,0.3,0.8,1.1,1.6,0.3,0.1,0.5,0.4,2.2,,chandke01
486,Ron Harper Jr.,22,TOR,PF,9,0,5.3,0.9,1.8,0.5,0.3,1,0.333,0.6,0.8,0.714,0.594,0.1,0.1,1,0.3,0.4,0.8,0.4,0,0.1,0,0.3,2.2,,harpero02
487,Dalen Terry,20,CHI,SG,38,0,5.6,0.8,1.9,0.444,0.2,0.7,0.259,0.7,1.2,0.556,0.493,0.4,0.6,0.667,0.3,0.7,1,0.6,0.3,0.1,0.2,0.6,2.2,,terryda01
488,Nerlens Noel,28,2TM,C,17,4,11.5,0.8,2.1,0.361,0.1,0.1,0.5,0.7,2,0.353,0.375,0.5,0.7,0.667,0.6,2.1,2.7,0.6,0.9,0.6,0.8,1.9,2.1,,noelne01
488,Nerlens Noel,28,DET,C,14,3,10.9,0.9,2.1,0.4,0.1,0.1,0.5,0.8,2,0.393,0.417,0.5,0.7,0.7,0.5,2.1,2.6,0.5,0.9,0.6,0.6,1.8,2.3,,noelne01
488,Nerlens Noel,28,BRK,C,3,1,14.3,0.3,2,0.167,0,0,,0.3,2,0.167,0.167,0.3,0.7,0.5,1,2,3,1,1,0.3,1.7,2.3,1,,noelne01
489,Davon Reed,27,2TM,SG,43,1,8,0.7,2,0.333,0.4,1.1,0.37,0.3,0.9,0.289,0.435,0.4,0.6,0.667,0.2,1.1,1.4,0.5,0.3,0.1,0.5,0.9,2.1,,reedda01
489,Davon Reed,27,DEN,SG,35,1,9,0.7,2.3,0.313,0.5,1.3,0.364,0.3,1,0.25,0.413,0.4,0.6,0.75,0.3,1.3,1.6,0.5,0.4,0.1,0.6,1,2.3,,reedda01
489,Davon Reed,27,LAL,SG,8,0,3.4,0.4,0.5,0.75,0.1,0.3,0.5,0.3,0.3,1,0.875,0.1,0.5,0.25,0.1,0.4,0.5,0.5,0.3,0,0,0.4,1,,reedda01
490,Andre Iguodala,39,GSW,PF,8,0,14.1,0.9,1.9,0.467,0.1,1.1,0.111,0.8,0.8,1,0.5,0.3,0.4,0.667,0.4,1.8,2.1,2.4,0.5,0.4,1.1,1.4,2.1,,iguodan01
491,Chris Silva,26,DAL,PF,1,0,3,1,1,1,0,0,,1,1,1,1,0,0,,0,0,0,0,0,0,1,2,2,,silvach01
492,Garrett Temple,36,NOP,SG,25,0,6.5,0.7,1.8,0.4,0.4,1,0.423,0.3,0.8,0.368,0.522,0.1,0.2,0.75,0.2,0.5,0.7,0.5,0.4,0.1,0.2,0.6,2,,templga01
493,Stanley Umude,23,DET,SG,1,0,2,0,1,0,0,1,0,0,0,,0,2,2,1,0,0,0,0,1,1,0,0,2,,umudest01
494,Donovan Williams,21,ATL,SG,2,0,2,1,2.5,0.4,0,1,0,1,1.5,0.667,0.4,0,0,,0,1,1,0,0,0,0,0,2,,willido02
495,Vince Williams Jr.,22,MEM,SG,15,1,7,0.8,2.7,0.3,0.3,1.9,0.143,0.5,0.8,0.667,0.35,0.1,0.1,1,0.3,0.7,1,0.3,0.4,0.1,0.3,0.8,2,,willivi01
496,Ryan Rollins,20,GSW,PG,12,0,5.2,0.6,1.7,0.35,0.3,0.8,0.333,0.3,0.9,0.364,0.425,0.5,0.5,1,0.3,0.8,1,0.5,0.1,0.1,1.3,0.8,1.9,,rolliry01
497,Greg Brown III,21,POR,PF,16,0,5.8,0.7,1.8,0.393,0.1,0.4,0.143,0.6,1.3,0.476,0.411,0.3,0.8,0.417,0.1,1.1,1.2,0.2,0.3,0.3,0.4,0.8,1.8,,browngr01
498,Trevor Hudgins,23,HOU,PG,5,0,5.6,0.4,1.8,0.222,0.4,1.6,0.25,0,0.2,0,0.333,0.6,0.6,1,0,0,0,0.6,0,0,0.2,0.2,1.8,,hudgitr01
499,Alize Johnson,26,SAS,PF,4,0,7.5,0.8,1.5,0.5,0,0.5,0,0.8,1,0.75,0.5,0.3,0.5,0.5,0.5,2,2.5,0.3,0.3,0,1,0.8,1.8,,johnsal02
500,Xavier Moon,28,LAC,SG,4,0,5,0.8,2.3,0.333,0.3,0.8,0.333,0.5,1.5,0.333,0.389,0,0,,0,0.8,0.8,1.3,0,0,0.3,0.5,1.8,,moonxa01
501,Alex Len,29,SAC,C,26,2,6.2,0.6,1.2,0.533,0,0.1,0,0.6,1.1,0.571,0.533,0.4,0.6,0.688,0.9,1.4,2.3,0.5,0.2,0.4,0.6,1.1,1.7,,lenal01
502,Dylan Windler,26,CLE,SF,3,0,3.3,0.7,1,0.667,0.3,0.7,0.5,0.3,0.3,1,0.833,0,0,,0,0,0,0.3,0.3,0,0.3,0,1.7,,windldy01
503,Buddy Boeheim,23,DET,SF,10,0,9,0.5,2.7,0.185,0.4,2.5,0.16,0.1,0.2,0.5,0.259,0.2,0.2,1,0.2,0.4,0.6,0.4,0.2,0,0,0.6,1.6,,boehebu01
504,Tony Bradley,25,CHI,C,12,0,2.8,0.5,1,0.5,0.3,0.4,0.6,0.3,0.6,0.429,0.625,0.3,0.3,1,0.1,0.8,0.9,0.1,0.1,0.1,0.1,0.2,1.6,,bradlto01
505,JD Davison,20,BOS,SG,12,0,5.5,0.7,1.6,0.421,0.2,0.6,0.286,0.5,1,0.5,0.474,0.1,0.2,0.5,0.2,0.6,0.8,0.9,0.2,0.2,0.3,0.4,1.6,,davisjd01
506,Kendall Brown,19,IND,SG,6,0,6.7,0.7,1.2,0.571,0,0.2,0,0.7,1,0.667,0.571,0.2,0.3,0.5,0.3,0.7,1,0.5,0.7,0,0.3,1.5,1.5,,brownke03
507,Matthew Dellavedova,32,SAC,PG,32,0,6.7,0.5,1.6,0.34,0.3,0.8,0.333,0.3,0.7,0.348,0.43,0.1,0.2,0.571,0,0.4,0.4,1.3,0.2,0,0.3,0.6,1.5,,dellama01
508,Keon Ellis,23,SAC,SG,16,0,4.4,0.4,1,0.438,0.4,0.8,0.5,0.1,0.3,0.25,0.625,0.3,0.4,0.571,0.3,0.3,0.5,0.4,0.3,0.1,0.1,0.6,1.5,,elliske01
509,Mfiondu Kabengele,25,BOS,PF,4,0,9,0.5,1.8,0.286,0,0.8,0,0.5,1,0.5,0.286,0.5,0.5,1,1.3,1.3,2.5,0,0.5,0,0.3,0.8,1.5,,kabenmf01
510,Jordan Schakel,24,WAS,SF,2,0,3,0.5,1,0.5,0.5,0.5,1,0,0.5,0,0.75,0,0,,0,0,0,0.5,0.5,0,0,0.5,1.5,,schakjo01
511,Isaiah Todd,21,WAS,PF,6,1,10.2,0.5,3.2,0.158,0.2,1.7,0.1,0.3,1.5,0.222,0.184,0.3,0.3,1,0.3,1.7,2,0.7,0.2,0,0.3,0.7,1.5,,toddis01
512,Thanasis Antetokounmpo,30,MIL,PF,37,0,5.6,0.5,1.2,0.435,0,0.2,0,0.5,1,0.526,0.435,0.3,0.6,0.5,0.4,0.8,1.2,0.4,0.1,0.1,0.3,0.6,1.4,,antetth01
513,PJ Dozier,26,SAC,SF,16,0,4.9,0.6,2.1,0.303,0.1,1,0.125,0.5,1.1,0.471,0.333,0,0,,0.1,0.8,0.9,0.6,0.4,0.1,0.3,0.4,1.4,,doziepj01
514,Wendell Moore Jr.,21,MIN,SG,29,2,5.3,0.6,1.5,0.419,0.1,0.6,0.118,0.6,0.9,0.615,0.442,0.1,0.2,0.8,0.1,0.5,0.6,0.6,0.3,0.2,0.3,0.4,1.4,,moorewe01
515,Ryan Arcidiacono,28,2TM,PG,20,4,8.6,0.5,1.9,0.243,0.4,1.2,0.348,0.1,0.7,0.071,0.351,0,0,,0,0.8,0.8,1.2,0.3,0,0.4,0.9,1.3,,arcidry01
515,Ryan Arcidiacono,28,NYK,PG,11,0,2.4,0.1,0.5,0.2,0.1,0.3,0.333,0,0.2,0,0.3,0,0,,0,0.4,0.4,0.2,0.2,0,0.1,0.3,0.3,,arcidry01
515,Ryan Arcidiacono,28,POR,PG,9,4,16.2,0.9,3.6,0.25,0.8,2.2,0.35,0.1,1.3,0.083,0.359,0,0,,0,1.2,1.2,2.3,0.3,0,0.7,1.6,2.6,,arcidry01
516,Facundo Campazzo,31,DAL,PG,8,0,6.5,0.4,1.6,0.231,0.4,1.4,0.273,0,0.3,0,0.346,0.1,0.3,0.5,0,0.3,0.3,1.1,0.8,0,0.4,0.4,1.3,,campafa01
517,Braxton Key,25,DET,SF,3,0,3,0.3,0.3,1,0,0,,0.3,0.3,1,1,0.7,0.7,1,0,0.3,0.3,0,0,0,0,0,1.3,,keybr01
518,Tyrese Martin,23,ATL,SG,16,0,4.1,0.6,1.4,0.391,0.1,0.4,0.143,0.5,1,0.5,0.413,0.1,0.1,1,0.3,0.4,0.8,0.1,0.1,0,0.1,0.1,1.3,,martity01
519,KZ Okpala,23,SAC,PF,35,3,7.1,0.5,1.1,0.421,0.2,0.6,0.333,0.3,0.5,0.529,0.513,0.2,0.2,0.875,0.2,0.8,1,0.4,0.2,0.2,0.2,1.1,1.3,,okpalkz01
520,Cole Swider,23,LAL,SF,7,0,5.9,0.4,1.3,0.333,0.4,1.1,0.375,0,0.1,0,0.5,0,0,,0.1,0.9,1,0.6,0,0,0,0.4,1.3,,swideco01
521,Vit Krejci,22,ATL,PG,29,0,5.7,0.5,1.3,0.405,0.2,0.7,0.238,0.3,0.6,0.625,0.473,0,0.1,0.5,0.2,0.7,0.9,0.6,0.2,0,0.2,0.6,1.2,,krejcvi01
522,Jack White,25,DEN,SF,17,0,3.9,0.5,1.1,0.421,0.2,0.5,0.333,0.3,0.6,0.5,0.5,0.1,0.2,0.667,0.4,0.6,1,0.2,0.2,0.1,0.1,0.5,1.2,,whiteja03
523,Noah Vonleh,27,BOS,C,23,1,7.4,0.5,1,0.458,0,0.2,0.25,0.4,0.9,0.5,0.479,0.1,0.1,1,0.8,1.3,2.1,0.3,0.1,0.3,0.5,1.5,1.1,,vonleno01
524,Malcolm Hill,27,CHI,SF,5,0,1.8,0.4,0.8,0.5,0.2,0.6,0.333,0.2,0.2,1,0.625,0,0,,0,0.6,0.6,0,0,0,0,0.2,1,,hillma01
525,Trevor Keels,19,NYK,SG,3,0,2.7,0.3,1.3,0.25,0.3,1.3,0.25,0,0,,0.375,0,0,,0,0.7,0.7,0,0,0,0,0,1,,keelstr01
526,Chima Moneke,27,SAC,SF,2,0,4,0.5,1,0.5,0,0,,0.5,1,0.5,0.5,0,1,0,1,0,1,0.5,0,0,1,1,1,,monekch01
527,Kobi Simmons,25,CHO,SG,5,0,5.6,0.2,1.2,0.167,0.2,1,0.2,0,0.2,0,0.25,0.4,0.4,1,0.2,0.6,0.8,1,0,0.4,0.2,0,1,,simmoko01
528,Joe Wieskamp,23,TOR,SF,9,0,5.6,0.3,1.6,0.214,0.3,1.3,0.25,0,0.2,0,0.321,0,0,,0,0.4,0.4,0.3,0,0,0.1,0.3,1,,wieskjo01
529,Justin Jackson,27,BOS,SF,23,0,4.7,0.3,1.2,0.259,0.2,0.9,0.25,0.1,0.3,0.286,0.352,0,0.1,0.5,0.1,0.7,0.7,0.4,0.2,0.2,0.1,0.3,0.9,,jacksju01
530,Marko Simonovic,23,CHI,C,7,0,2.9,0.3,1,0.286,0.1,0.6,0.25,0.1,0.4,0.333,0.357,0.1,0.3,0.5,0.1,0.1,0.3,0,0,0,0,0.7,0.9,,simonma01
531,Dereon Seabron,22,NOP,SG,5,0,2.4,0.4,1,0.4,0,0,,0.4,1,0.4,0.4,0,0,,0.2,0,0.2,0,0,0,0,0.2,0.8,,seabrde01
532,Vernon Carey Jr.,21,WAS,C,11,0,2.5,0.2,0.7,0.25,0,0,,0.2,0.7,0.25,0.25,0.2,0.2,1,0.3,0.7,1,0.3,0.2,0.2,0.2,0.5,0.5,,careyve01
533,Devon Dotson,23,WAS,PG,6,0,8.8,0.2,1.7,0.1,0.2,0.7,0.25,0,1,0,0.15,0,0,,1,0.7,1.7,1.3,0.8,0,0.5,1.5,0.5,,dotsode01
534,Leandro Bolmaro,22,UTA,SF,14,0,4.9,0.2,1.4,0.15,0,0.3,0,0.2,1.1,0.188,0.15,0,0,,0.3,0.2,0.5,0.5,0.2,0.1,0.5,0.7,0.4,,bolmale01
535,Sterling Brown,27,LAL,SF,4,0,6,0,1,0,0,0.5,0,0,0.5,0,0,0,0,,0.8,1.3,2,0.5,0.8,0,0,1,0,,brownst02
536,Deonte Burton,29,SAC,PF,2,0,3,0,1,0,0,0.5,0,0,0.5,0,0,0,0,,0,0,0,0,0,0,0,0,0,,burtode02
537,Michael Foster Jr.,20,PHI,PF,1,0,1,0,0,,0,0,,0,0,,,0,0,,0,0,0,0,0,0,0,0,0,,fostemi02
538,Frank Jackson,24,UTA,PG,1,0,5,0,3,0,0,1,0,0,2,0,0,0,0,,1,1,2,1,0,0,0,0,0,,jacksfr01
539,Alondes Williams,23,BRK,SG,1,0,5,0,0,,0,0,,0,0,,,0,0,,0,1,1,0,0,0,2,1,0,,willial06
